0 0.214844 0.063281 0.039062 0.035937
0 0.288281 0.062500 0.039062 0.037500
0 0.326562 0.062500 0.037500 0.037500
0 0.389844 0.064844 0.039062 0.039062
0 0.428906 0.063281 0.035937 0.035937
0 0.426563 0.152344 0.034375 0.035937
0 0.389844 0.152344 0.032813 0.035937
0 0.325000 0.153125 0.034375 0.034375
0 0.287500 0.153125 0.034375 0.037500
0 0.212500 0.150781 0.034375 0.032813
0 0.174219 0.152344 0.032813 0.032813
0 0.316406 0.287500 0.054688 0.053125
0 0.427344 0.288281 0.051562 0.054688
0 0.554688 0.285156 0.056250 0.054688
0 0.432031 0.386719 0.051562 0.051562
0 0.552344 0.399219 0.057813 0.054688
0 0.907031 0.161719 0.029687 0.029687
0 0.950781 0.160156 0.026562 0.026562
0 0.985938 0.161719 0.028125 0.029687
0 0.789844 0.394531 0.085938 0.089063
0 0.812500 0.606250 0.118750 0.125000
0 0.866406 0.260156 0.042188 0.042188
0 0.586719 0.550781 0.032813 0.035937
0 0.557813 0.525781 0.037500 0.039062
0 0.967969 0.292187 0.017188 0.015625
0 0.990625 0.289062 0.018750 0.021875
0 0.967187 0.242188 0.018750 0.021875
0 0.991406 0.242188 0.017188 0.021875
0 0.967187 0.314844 0.018750 0.017188
0 0.990625 0.314844 0.018750 0.020313
0 0.614844 0.088281 0.014063 0.014063
0 0.249219 0.581250 0.017188 0.018750
0 0.251563 0.599219 0.015625 0.017188
0 0.232813 0.592969 0.015625 0.020313
0 0.213281 0.585938 0.017188 0.018750
0 0.276562 0.608594 0.015625 0.020313