0 0.675000 0.018750 0.050000 0.037500
0 0.775000 0.020313 0.046875 0.040625
0 0.425781 0.117969 0.060937 0.060937
0 0.561719 0.117969 0.060937 0.054688
0 0.686719 0.118750 0.057813 0.056250
0 0.813281 0.124219 0.070312 0.067187
0 0.948438 0.123438 0.065625 0.062500
0 0.402344 0.024219 0.039062 0.035937
0 0.443750 0.024219 0.037500 0.039062
0 0.949219 0.241406 0.064062 0.064062
0 0.811719 0.241406 0.070312 0.070312
0 0.686719 0.240625 0.067187 0.068750
0 0.564844 0.241406 0.067187 0.067187
0 0.428125 0.242188 0.068750 0.065625
0 0.951562 0.374219 0.053125 0.057813
0 0.810156 0.378125 0.067187 0.068750
0 0.689063 0.376563 0.065625 0.068750
0 0.563281 0.375781 0.070312 0.067187
0 0.428906 0.377344 0.064062 0.064062
0 0.255469 0.377344 0.067187 0.070312
0 0.427344 0.500000 0.064062 0.068750
0 0.566406 0.500781 0.064062 0.067187
0 0.689844 0.499219 0.067187 0.067187
0 0.814063 0.499219 0.068750 0.067187
0 0.951562 0.499219 0.056250 0.057813
0 0.950781 0.624219 0.067187 0.067187
0 0.813281 0.625000 0.070312 0.068750
0 0.688281 0.624219 0.070312 0.067187
0 0.564844 0.626563 0.067187 0.062500
0 0.427344 0.628125 0.067187 0.068750
0 0.897656 0.667188 0.010937 0.009375
0 0.896875 0.675781 0.009375 0.010937