0 0.048438 0.123438 0.065625 0.062500
0 0.173437 0.117188 0.056250 0.053125
0 0.332813 0.097656 0.046875 0.051562
0 0.193750 0.016406 0.040625 0.032813
0 0.113281 0.018750 0.045312 0.037500
0 0.174219 0.239844 0.067187 0.067187
0 0.049219 0.241406 0.064062 0.064062
0 0.174219 0.376563 0.054688 0.059375
0 0.051562 0.374219 0.053125 0.057813
0 0.051562 0.499219 0.056250 0.057813
0 0.172656 0.493750 0.070312 0.068750
0 0.300781 0.500781 0.067187 0.067187
0 0.299219 0.623437 0.064062 0.065625
0 0.174219 0.625000 0.070312 0.068750
0 0.050781 0.624219 0.067187 0.067187
0 0.335156 0.147656 0.020313 0.020313
0 0.325781 0.279687 0.020313 0.021875
0 0.363281 0.195312 0.020313 0.021875