0 0.200000 0.392969 0.056250 0.054688
0 0.320312 0.392188 0.053125 0.053125
0 0.439844 0.392969 0.051562 0.051562
0 0.557813 0.391406 0.046875 0.051562
0 0.200781 0.510156 0.054688 0.057813
0 0.317969 0.507812 0.057813 0.056250
0 0.439063 0.509375 0.068750 0.065625
0 0.560937 0.507031 0.053125 0.054688
0 0.957031 0.392188 0.067187 0.065625
0 0.642188 0.535156 0.031250 0.029687
0 0.878125 0.692187 0.028125 0.028125
0 0.439844 0.655469 0.067187 0.064062
0 0.340625 0.653906 0.040625 0.042188
0 0.301563 0.653906 0.037500 0.042188
0 0.225781 0.654687 0.045312 0.046875
0 0.180469 0.655469 0.045312 0.045312
0 0.421094 0.770312 0.035937 0.034375
0 0.460938 0.769531 0.034375 0.035937
0 0.432031 0.895312 0.032813 0.031250
0 0.384375 0.894531 0.031250 0.032813
0 0.321094 0.892188 0.029687 0.028125
0 0.287500 0.892188 0.025000 0.028125
0 0.193750 0.889844 0.040625 0.039062
0 0.214844 0.963281 0.039062 0.035937
0 0.288281 0.962500 0.039062 0.037500
0 0.326562 0.962500 0.037500 0.037500
0 0.389844 0.964844 0.039062 0.039062
0 0.428906 0.963281 0.035937 0.035937
0 0.850781 0.697656 0.017188 0.020313
0 0.614844 0.988281 0.014063 0.014063