0 0.010937 0.161719 0.021875 0.029687
0 0.050781 0.160156 0.026562 0.026562
0 0.086719 0.161719 0.029687 0.029687
0 0.341406 0.266406 0.035937 0.039062
0 0.203125 0.142969 0.056250 0.057813
0 0.321094 0.028906 0.051562 0.054688
0 0.330469 0.142969 0.032813 0.035937
0 0.771094 0.985938 0.023438 0.025000
0 0.796875 0.984375 0.025000 0.025000
0 0.758594 0.010937 0.029687 0.021875
0 0.407031 0.046875 0.017188 0.018750
0 0.408594 0.066406 0.020313 0.017188
0 0.067969 0.292187 0.017188 0.015625
0 0.091406 0.289062 0.020313 0.021875
0 0.067187 0.242188 0.018750 0.021875
0 0.092188 0.242188 0.018750 0.021875
0 0.067187 0.314844 0.018750 0.017188
0 0.091406 0.314844 0.020313 0.020313
0 0.157812 0.242969 0.018750 0.020313
0 0.182031 0.242188 0.020313 0.021875
0 0.154688 0.294531 0.021875 0.023438
0 0.184375 0.295312 0.021875 0.021875
0 0.157812 0.329688 0.015625 0.018750
0 0.181250 0.329688 0.018750 0.021875
0 0.205469 0.332031 0.017188 0.020313
0 0.228906 0.329688 0.020313 0.021875
0 0.205469 0.371875 0.020313 0.021875
0 0.205469 0.393750 0.017188 0.018750
0 0.406250 0.114062 0.021875 0.018750
0 0.406250 0.134375 0.018750 0.021875
0 0.375000 0.364063 0.015625 0.015625