0 0.606250 0.288281 0.084375 0.089063
0 0.771094 0.289062 0.085938 0.087500
0 0.611719 0.482031 0.089063 0.089063
0 0.776563 0.481250 0.087500 0.087500
0 0.167969 0.653906 0.045312 0.045312
0 0.082812 0.761719 0.046875 0.048438
0 0.166406 0.760938 0.045312 0.043750
0 0.425781 0.678125 0.054688 0.056250
0 0.311719 0.758594 0.057813 0.054688
0 0.428125 0.760938 0.056250 0.056250
0 0.800000 0.637500 0.062500 0.062500
0 0.945312 0.637500 0.053125 0.053125
0 0.797656 0.761719 0.064062 0.064062
0 0.948438 0.760156 0.053125 0.051562
0 0.675000 0.914062 0.050000 0.046875
0 0.775000 0.916406 0.046875 0.048438
0 0.402344 0.924219 0.039062 0.035937
0 0.443750 0.924219 0.037500 0.039062
0 0.694531 0.624219 0.035937 0.035937
0 0.626563 0.625000 0.037500 0.037500