0 0.075000 0.067187 0.015625 0.015625
0 0.091406 0.075000 0.017188 0.018750
0 0.082031 0.093750 0.017188 0.018750
0 0.119531 0.090625 0.017188 0.018750
0 0.161719 0.083594 0.023438 0.023438
0 0.148438 0.103906 0.025000 0.026562
0 0.220312 0.188281 0.034375 0.035937
0 0.231250 0.215625 0.012500 0.012500
0 0.242188 0.203906 0.015625 0.017188
0 0.244531 0.224219 0.017188 0.017188
0 0.257812 0.214062 0.015625 0.015625
0 0.274219 0.224219 0.017188 0.017188
0 0.286719 0.203906 0.017188 0.017188
0 0.292969 0.239844 0.010937 0.014063
0 0.289844 0.257031 0.017188 0.017188
0 0.303906 0.247656 0.010937 0.010937
0 0.360938 0.264062 0.009375 0.009375
0 0.355469 0.273438 0.007812 0.009375
0 0.369531 0.268750 0.007812 0.009375
0 0.364844 0.278125 0.007812 0.009375
0 0.377344 0.278906 0.010937 0.010937
0 0.390625 0.285938 0.009375 0.009375
0 0.404687 0.294531 0.012500 0.010937
0 0.349219 0.283594 0.014063 0.014063
0 0.364063 0.291406 0.012500 0.010937
0 0.381250 0.298438 0.015625 0.015625
0 0.378906 0.257812 0.017188 0.015625
0 0.394531 0.269531 0.017188 0.017188
0 0.411719 0.278906 0.017188 0.017188
0 0.477344 0.346094 0.017188 0.017188
0 0.494531 0.357031 0.017188 0.017188
0 0.511719 0.371875 0.023438 0.021875
0 0.465625 0.357812 0.012500 0.015625
0 0.471875 0.365625 0.009375 0.009375
0 0.132812 0.125781 0.021875 0.023438