0 0.389844 0.182031 0.045312 0.042188
0 0.438281 0.175000 0.032813 0.031250
0 0.482812 0.164844 0.034375 0.032813
0 0.464062 0.131250 0.018750 0.015625
0 0.490625 0.125781 0.018750 0.017188
0 0.509375 0.123438 0.015625 0.015625
0 0.570312 0.157812 0.025000 0.021875
0 0.588281 0.121094 0.017188 0.017188
0 0.607812 0.120313 0.015625 0.018750
0 0.627344 0.121094 0.017188 0.017188
0 0.646875 0.120313 0.018750 0.018750
0 0.505469 0.681250 0.017188 0.015625
0 0.507812 0.699219 0.015625 0.014063
0 0.517188 0.716406 0.018750 0.017188
0 0.525000 0.731250 0.015625 0.015625
0 0.510156 0.746094 0.017188 0.017188
0 0.500781 0.730469 0.017188 0.017188
0 0.492969 0.714844 0.017188 0.017188
0 0.489844 0.695312 0.017188 0.015625
0 0.425781 0.783594 0.017188 0.017188
0 0.410938 0.796875 0.015625 0.015625
0 0.425781 0.807813 0.017188 0.015625
0 0.440625 0.820312 0.015625 0.015625
0 0.395313 0.807031 0.015625 0.017188
0 0.410156 0.818750 0.017188 0.018750
0 0.424219 0.830469 0.017188 0.017188
0 0.382031 0.819531 0.017188 0.017188
0 0.396094 0.832031 0.014063 0.017188
0 0.410156 0.843750 0.017188 0.015625
0 0.370312 0.833594 0.018750 0.017188
0 0.383594 0.846094 0.017188 0.017188
0 0.398438 0.857031 0.018750 0.017188
0 0.334375 0.845313 0.018750 0.018750
0 0.350000 0.858594 0.018750 0.017188
0 0.364063 0.870313 0.015625 0.015625
0 0.377344 0.881250 0.017188 0.018750
0 0.321094 0.861719 0.017188 0.017188
0 0.337500 0.872656 0.018750 0.017188
0 0.352344 0.884375 0.017188 0.015625
0 0.366406 0.896094 0.017188 0.017188
0 0.324219 0.888281 0.017188 0.017188
0 0.338281 0.898438 0.017188 0.018750
0 0.352344 0.910937 0.020313 0.018750
0 0.311719 0.903125 0.017188 0.018750
0 0.325000 0.915625 0.015625 0.015625
0 0.339844 0.925781 0.017188 0.017188
0 0.276562 0.931250 0.025000 0.025000
0 0.302344 0.937500 0.023438 0.025000
0 0.321875 0.946875 0.018750 0.018750
0 0.475781 0.750000 0.023438 0.028125
0 0.520312 0.761719 0.018750 0.023438