0 0.926562 0.064844 0.021875 0.020313
0 0.957031 0.065625 0.020313 0.021875
0 0.456250 0.035156 0.025000 0.023438
0 0.457031 0.064062 0.023438 0.025000
0 0.482812 0.064062 0.021875 0.021875
0 0.386719 0.164062 0.017188 0.015625
0 0.403906 0.162500 0.017188 0.015625
0 0.421875 0.163281 0.012500 0.014063
0 0.439063 0.161719 0.012500 0.014063
0 0.459375 0.161719 0.012500 0.010937
0 0.473438 0.162500 0.012500 0.012500
0 0.489063 0.160938 0.015625 0.015625
0 0.386719 0.180469 0.014063 0.014063
0 0.403125 0.182031 0.015625 0.017188
0 0.421875 0.182812 0.015625 0.015625
0 0.439844 0.181250 0.014063 0.015625
0 0.459375 0.182031 0.015625 0.017188
0 0.474219 0.181250 0.014063 0.015625
0 0.489063 0.181250 0.015625 0.015625
0 0.428906 0.009375 0.014063 0.015625
0 0.540625 0.042969 0.012500 0.014063
0 0.554688 0.042188 0.015625 0.012500
0 0.977344 0.064844 0.014063 0.014063
0 0.976562 0.076563 0.012500 0.012500
0 0.976562 0.086719 0.012500 0.010937
0 0.382031 0.118750 0.010937 0.012500
0 0.393750 0.118750 0.012500 0.012500
0 0.405469 0.118750 0.010937 0.012500
0 0.416406 0.118750 0.010937 0.012500
0 0.428125 0.118750 0.012500 0.012500
0 0.439063 0.118750 0.012500 0.012500
0 0.382031 0.130469 0.010937 0.010937
0 0.393750 0.130469 0.012500 0.010937
0 0.405469 0.130469 0.010937 0.010937
0 0.416406 0.130469 0.010937 0.010937
0 0.428125 0.130469 0.012500 0.010937
0 0.439063 0.130469 0.012500 0.010937
0 0.382031 0.142187 0.010937 0.012500
0 0.393750 0.142187 0.012500 0.012500
0 0.405469 0.142187 0.010937 0.012500
0 0.416406 0.142187 0.010937 0.012500
0 0.428125 0.142187 0.012500 0.012500
0 0.439063 0.142187 0.012500 0.012500
0 0.454688 0.121094 0.012500 0.010937
0 0.466406 0.121094 0.010937 0.010937
0 0.478125 0.121094 0.012500 0.010937
0 0.489844 0.121094 0.010937 0.010937
0 0.501563 0.121094 0.012500 0.010937
0 0.454688 0.132031 0.012500 0.010937
0 0.466406 0.132031 0.010937 0.010937
0 0.478125 0.132031 0.012500 0.010937
0 0.489844 0.132031 0.010937 0.010937
0 0.501563 0.132031 0.012500 0.010937
0 0.454688 0.142969 0.012500 0.010937
0 0.466406 0.142969 0.010937 0.010937
0 0.478125 0.142969 0.012500 0.010937
0 0.489844 0.142969 0.010937 0.010937
0 0.501563 0.142969 0.012500 0.010937