0 0.896094 0.557813 0.051562 0.053125
0 0.942187 0.607812 0.053125 0.053125
0 0.504687 0.225781 0.037500 0.035937
0 0.478125 0.294531 0.025000 0.023438
0 0.504687 0.295312 0.025000 0.025000
0 0.504687 0.319531 0.025000 0.023438
0 0.477344 0.320312 0.026562 0.025000
0 0.404687 0.398438 0.025000 0.021875
0 0.405469 0.423438 0.020313 0.021875
0 0.836719 0.530469 0.014063 0.014063
0 0.836719 0.546875 0.014063 0.012500
0 0.835938 0.560937 0.012500 0.012500
0 0.836719 0.577344 0.014063 0.017188
0 0.926562 0.964844 0.021875 0.020313
0 0.957031 0.965625 0.020313 0.021875
0 0.456250 0.935156 0.025000 0.023438
0 0.457031 0.964063 0.023438 0.025000
0 0.482812 0.964063 0.021875 0.021875
0 0.428906 0.748437 0.035937 0.040625
0 0.429688 0.798438 0.040625 0.040625
0 0.340625 0.551562 0.040625 0.037500
0 0.832812 0.439844 0.015625 0.014063
0 0.834375 0.419531 0.018750 0.020313
0 0.832812 0.391406 0.021875 0.017188
0 0.537500 0.323437 0.015625 0.018750
0 0.536719 0.305469 0.014063 0.014063
0 0.534375 0.291406 0.021875 0.020313
0 0.428906 0.909375 0.014063 0.015625
0 0.540625 0.942969 0.012500 0.014063
0 0.554688 0.942187 0.015625 0.012500
0 0.845313 0.871875 0.015625 0.018750
0 0.977344 0.964844 0.014063 0.014063
0 0.976562 0.976562 0.012500 0.012500
0 0.976562 0.986719 0.012500 0.010937