0 0.235937 0.024219 0.050000 0.048438
0 0.174219 0.025781 0.054688 0.051562
0 0.174219 0.099219 0.032813 0.035937
0 0.235156 0.099219 0.026562 0.026562
0 0.332031 0.014063 0.035937 0.028125
0 0.375000 0.014844 0.031250 0.029687
0 0.332813 0.058594 0.034375 0.035937
0 0.375781 0.060156 0.032813 0.035937
0 0.332813 0.107813 0.034375 0.037500
0 0.375000 0.106250 0.034375 0.034375
0 0.493750 0.031250 0.062500 0.059375
0 0.518750 0.107031 0.040625 0.039062
0 0.471094 0.106250 0.035937 0.037500
0 0.852344 0.028906 0.051562 0.051562
0 0.952344 0.028125 0.054688 0.056250
0 0.850781 0.100781 0.048438 0.051562
0 0.950000 0.103125 0.056250 0.056250
0 0.702344 0.020313 0.039062 0.040625
0 0.661719 0.018750 0.039062 0.037500
0 0.661719 0.056250 0.032813 0.034375
0 0.700000 0.057031 0.031250 0.032813
0 0.907813 0.265625 0.087500 0.087500
0 0.913281 0.388281 0.085938 0.089063
0 0.810156 0.264844 0.073438 0.070312
0 0.810937 0.388281 0.075000 0.070312
0 0.540625 0.289062 0.071875 0.071875
0 0.539844 0.397656 0.073438 0.076563
0 0.635156 0.291406 0.060937 0.057813
0 0.635938 0.400781 0.059375 0.057813
0 0.434375 0.289844 0.075000 0.073438
0 0.232813 0.586719 0.028125 0.026562
0 0.259375 0.676562 0.034375 0.034375
0 0.260937 0.723437 0.034375 0.037500
0 0.514844 0.596094 0.042188 0.042188
0 0.399219 0.746094 0.029687 0.029687
0 0.410156 0.712500 0.020313 0.018750
0 0.571094 0.674219 0.017188 0.020313
0 0.601562 0.676562 0.015625 0.015625
0 0.627344 0.678906 0.017188 0.020313
0 0.658594 0.679688 0.023438 0.025000
0 0.688281 0.680469 0.023438 0.023438
0 0.713281 0.674219 0.020313 0.020313
0 0.813281 0.660156 0.029687 0.029687
0 0.767969 0.656250 0.039062 0.040625
0 0.792969 0.713281 0.026562 0.026562
0 0.744531 0.711719 0.042188 0.039062
0 0.594531 0.703906 0.020313 0.020313
0 0.567187 0.704688 0.021875 0.021875
0 0.567969 0.736719 0.032813 0.032813
0 0.026562 0.064844 0.021875 0.020313
0 0.057031 0.065625 0.020313 0.021875
0 0.077344 0.064844 0.014063 0.014063
0 0.076563 0.076563 0.012500 0.012500
0 0.076563 0.086719 0.012500 0.010937