0 0.055469 0.947656 0.054688 0.057813
0 0.167187 0.984375 0.021875 0.021875
0 0.178906 0.937500 0.023438 0.025000
0 0.196875 0.958594 0.018750 0.020313
0 0.214844 0.867969 0.039062 0.035937
0 0.266406 0.867969 0.035937 0.035937
0 0.031250 0.736719 0.053125 0.051562
0 0.054688 0.659375 0.056250 0.056250
0 0.046875 0.613281 0.018750 0.017188
0 0.074219 0.583594 0.054688 0.051562
0 0.119531 0.753906 0.051562 0.048438
0 0.140625 0.692969 0.050000 0.045312
0 0.157812 0.632812 0.050000 0.050000
0 0.172656 0.569531 0.051562 0.048438
0 0.294531 0.572656 0.051562 0.048438
0 0.372656 0.570312 0.048438 0.046875
0 0.278906 0.633594 0.051562 0.051562
0 0.357031 0.633594 0.051562 0.048438
0 0.262500 0.693750 0.050000 0.046875
0 0.341406 0.694531 0.045312 0.045312
0 0.324219 0.755469 0.048438 0.048438
0 0.242188 0.756250 0.046875 0.046875