0 0.083594 0.982812 0.026562 0.021875
0 0.054688 0.984375 0.025000 0.025000
0 0.025781 0.984375 0.032813 0.031250
0 0.211719 0.917969 0.054688 0.048438
0 0.018750 0.791406 0.037500 0.048438
0 0.035156 0.721875 0.051562 0.050000
0 0.055469 0.647656 0.054688 0.057813
0 0.142969 0.807813 0.089063 0.087500
0 0.219531 0.739844 0.082812 0.089063
0 0.167187 0.684375 0.021875 0.021875
0 0.178906 0.637500 0.023438 0.025000
0 0.196875 0.658594 0.018750 0.020313
0 0.214844 0.567969 0.039062 0.035937
0 0.266406 0.567969 0.035937 0.035937
0 0.031250 0.436719 0.053125 0.051562
0 0.054688 0.359375 0.056250 0.056250
0 0.046875 0.313281 0.018750 0.017188
0 0.074219 0.283594 0.054688 0.051562
0 0.119531 0.453906 0.051562 0.048438
0 0.140625 0.392969 0.050000 0.045312
0 0.157812 0.332813 0.050000 0.050000
0 0.172656 0.269531 0.051562 0.048438
0 0.294531 0.272656 0.051562 0.048438
0 0.372656 0.270313 0.048438 0.046875
0 0.278906 0.333594 0.051562 0.051562
0 0.357031 0.333594 0.051562 0.048438
0 0.262500 0.393750 0.050000 0.046875
0 0.341406 0.394531 0.045312 0.045312
0 0.324219 0.455469 0.048438 0.048438
0 0.242188 0.456250 0.046875 0.046875