0 0.010937 0.557813 0.021875 0.053125
0 0.042188 0.607812 0.053125 0.053125
0 0.205469 0.547656 0.032813 0.032813
0 0.248438 0.549219 0.037500 0.035937
0 0.200000 0.596875 0.034375 0.037500
0 0.249219 0.596094 0.039062 0.039062
0 0.353906 0.557813 0.042188 0.040625
0 0.200000 0.642969 0.037500 0.035937
0 0.248438 0.645312 0.037500 0.040625
0 0.496094 0.560156 0.054688 0.057813
0 0.496094 0.633594 0.054688 0.054688
0 0.237500 0.744531 0.050000 0.051562
0 0.238281 0.812500 0.057813 0.053125
0 0.235937 0.924219 0.050000 0.048438
0 0.174219 0.925781 0.054688 0.051562
0 0.174219 0.990625 0.032813 0.018750
0 0.235156 0.992969 0.026562 0.014063
0 0.332031 0.777344 0.035937 0.035937
0 0.375000 0.728125 0.043750 0.043750
0 0.331250 0.828906 0.034375 0.035937
0 0.374219 0.828906 0.029687 0.032813
0 0.332031 0.910156 0.035937 0.035937
0 0.375000 0.912500 0.031250 0.034375
0 0.332813 0.958594 0.034375 0.035937
0 0.375781 0.960156 0.032813 0.035937
0 0.496875 0.747656 0.059375 0.057813
0 0.471094 0.828125 0.035937 0.037500
0 0.517969 0.826562 0.039062 0.037500
0 0.493750 0.931250 0.062500 0.059375
0 0.642969 0.564844 0.064062 0.064062
0 0.629687 0.743750 0.046875 0.050000
0 0.695312 0.742188 0.050000 0.050000
0 0.850781 0.620313 0.054688 0.053125
0 0.851562 0.738281 0.056250 0.057813
0 0.846094 0.813281 0.048438 0.051562
0 0.950781 0.811719 0.051562 0.051562
0 0.852344 0.928906 0.051562 0.051562
0 0.952344 0.928125 0.054688 0.056250
0 0.850781 0.987500 0.048438 0.025000
0 0.950000 0.987500 0.056250 0.025000
0 0.702344 0.920312 0.039062 0.040625
0 0.661719 0.918750 0.039062 0.037500
0 0.661719 0.956250 0.032813 0.034375
0 0.700000 0.957031 0.031250 0.032813
0 0.026562 0.964844 0.021875 0.020313
0 0.057031 0.965625 0.020313 0.021875
0 0.077344 0.964844 0.014063 0.014063
0 0.076563 0.976562 0.012500 0.012500
0 0.076563 0.986719 0.012500 0.010937