0 0.983594 0.982812 0.026562 0.021875
0 0.954688 0.984375 0.025000 0.025000
0 0.925781 0.984375 0.032813 0.031250
0 0.828906 0.957031 0.054688 0.051562
0 0.786719 0.792969 0.054688 0.051562
0 0.808594 0.724219 0.054688 0.051562
0 0.830469 0.656250 0.054688 0.053125
0 0.913281 0.791406 0.048438 0.048438
0 0.935156 0.721875 0.051562 0.050000
0 0.955469 0.647656 0.054688 0.057813
0 0.931250 0.436719 0.053125 0.051562
0 0.954688 0.359375 0.056250 0.056250
0 0.946875 0.313281 0.018750 0.017188
0 0.973437 0.283594 0.053125 0.051562