0 0.103125 0.550781 0.040625 0.035937
0 0.532813 0.959375 0.043750 0.031250
0 0.053125 0.018750 0.028125 0.025000
0 0.013281 0.028125 0.026562 0.040625
0 0.064062 0.151562 0.021875 0.015625
0 0.068750 0.180469 0.018750 0.017188
0 0.021875 0.218750 0.028125 0.021875
0 0.100000 0.014063 0.012500 0.009375
0 0.102344 0.024219 0.010937 0.010937
0 0.105469 0.037500 0.010937 0.009375
0 0.205469 0.008594 0.023438 0.017188
0 0.203125 0.029687 0.021875 0.018750
0 0.014844 0.156250 0.029687 0.034375
0 0.155469 0.287500 0.042188 0.034375
0 0.165625 0.339844 0.037500 0.032813
0 0.203906 0.295312 0.039062 0.034375
0 0.205469 0.329688 0.026562 0.021875
0 0.232813 0.330469 0.025000 0.023438
0 0.254688 0.328125 0.012500 0.012500
0 0.247656 0.314844 0.017188 0.014063