0 0.626563 0.534375 0.046875 0.037500
0 0.532031 0.461719 0.020313 0.017188
0 0.541406 0.484375 0.023438 0.021875
0 0.557813 0.660156 0.071875 0.064062
0 0.504687 0.732031 0.059375 0.051562
0 0.443750 0.738281 0.043750 0.039062
0 0.413281 0.557031 0.026562 0.023438
0 0.400000 0.606250 0.040625 0.037500
0 0.356250 0.632031 0.031250 0.023438
0 0.382812 0.531250 0.028125 0.028125
0 0.270313 0.650000 0.037500 0.031250
0 0.307031 0.616406 0.035937 0.032813
0 0.235937 0.616406 0.037500 0.032813
0 0.275781 0.578125 0.039062 0.034375
0 0.305469 0.545312 0.029687 0.028125
0 0.339844 0.517188 0.039062 0.031250
0 0.330469 0.579688 0.023438 0.018750
0 0.342187 0.593750 0.021875 0.018750
0 0.367188 0.569531 0.021875 0.017188
0 0.354687 0.555469 0.025000 0.020313
0 0.430469 0.635938 0.014063 0.015625
0 0.686719 0.991406 0.014063 0.014063
0 0.699219 0.995313 0.014063 0.009375