0 0.293750 0.778906 0.015625 0.017188
0 0.153906 0.016406 0.035937 0.032813
0 0.182031 0.039062 0.035937 0.031250
0 0.014844 0.330469 0.007812 0.007812
0 0.022656 0.336719 0.007812 0.007812
0 0.028125 0.342969 0.009375 0.007812
0 0.032813 0.347656 0.009375 0.007812
0 0.039062 0.352344 0.009375 0.007812
0 0.021875 0.323437 0.009375 0.009375
0 0.026562 0.328906 0.009375 0.007812
0 0.032813 0.334375 0.009375 0.009375
0 0.039062 0.339844 0.009375 0.007812
0 0.045312 0.345313 0.006250 0.006250
0 0.012500 0.349219 0.006250 0.004687
0 0.017188 0.353125 0.006250 0.006250
0 0.021875 0.357812 0.006250 0.006250
0 0.680469 0.219531 0.029687 0.026562