0 0.071094 0.745313 0.048438 0.043750
0 0.031250 0.800000 0.043750 0.043750
0 0.046094 0.860938 0.035937 0.031250
0 0.053125 0.918750 0.028125 0.025000
0 0.013281 0.928125 0.026562 0.040625
0 0.100000 0.914062 0.012500 0.009375
0 0.102344 0.924219 0.010937 0.010937
0 0.105469 0.937500 0.010937 0.009375
0 0.205469 0.906250 0.023438 0.021875
0 0.203125 0.929688 0.021875 0.018750
0 0.509375 0.657031 0.018750 0.020313
0 0.507031 0.673438 0.014063 0.012500
0 0.538281 0.689844 0.023438 0.020313
0 0.558594 0.687500 0.017188 0.018750
0 0.569531 0.669531 0.017188 0.017188
0 0.522656 0.727344 0.017188 0.017188
0 0.510938 0.722656 0.009375 0.007812
0 0.507031 0.729688 0.010937 0.006250
0 0.504687 0.736719 0.009375 0.007812
0 0.489844 0.756250 0.023438 0.018750
0 0.482031 0.774219 0.023438 0.017188
0 0.473438 0.792969 0.021875 0.017188
0 0.473438 0.811719 0.021875 0.017188
0 0.492188 0.807031 0.015625 0.014063
0 0.497656 0.792188 0.020313 0.015625
0 0.503906 0.776563 0.020313 0.015625
0 0.512500 0.757031 0.025000 0.020313
0 0.482812 0.846875 0.018750 0.015625
0 0.660937 0.143750 0.021875 0.018750
0 0.685156 0.162500 0.020313 0.018750
0 0.676562 0.117188 0.018750 0.018750
0 0.700781 0.135937 0.020313 0.018750
0 0.686719 0.091406 0.014063 0.014063
0 0.699219 0.096875 0.014063 0.012500