0 0.443750 0.031250 0.037500 0.037500
0 0.503906 0.015625 0.039062 0.031250
0 0.463281 0.089063 0.035937 0.037500
0 0.522656 0.070312 0.032813 0.037500
0 0.482031 0.150781 0.035937 0.035937
0 0.542188 0.131250 0.037500 0.037500
0 0.589063 0.207031 0.021875 0.023438
0 0.718750 0.654687 0.062500 0.062500
0 0.746094 0.742188 0.060937 0.062500
0 0.805469 0.837500 0.032813 0.031250
0 0.857031 0.802344 0.032813 0.032813
0 0.329688 0.780469 0.034375 0.035937
0 0.357031 0.836719 0.035937 0.039062
0 0.384375 0.891406 0.037500 0.039062
0 0.410938 0.949219 0.037500 0.039062
0 0.355469 0.975781 0.035937 0.039062
0 0.327344 0.919531 0.035937 0.039062
0 0.298438 0.861719 0.034375 0.039062
0 0.273438 0.804688 0.034375 0.034375
0 0.543750 0.484375 0.075000 0.068750
0 0.630469 0.457031 0.070312 0.064062
0 0.573438 0.566406 0.071875 0.060937
0 0.657813 0.549219 0.075000 0.076563
0 0.600000 0.244531 0.018750 0.020313
0 0.166406 0.403125 0.017188 0.021875
0 0.182812 0.430469 0.021875 0.026562