0 0.410938 0.049219 0.037500 0.039062
0 0.355469 0.075781 0.035937 0.039062
0 0.327344 0.019531 0.035937 0.039062
0 0.043750 0.395313 0.034375 0.037500
0 0.100000 0.367969 0.037500 0.039062
0 0.071875 0.451562 0.037500 0.040625
0 0.127344 0.424219 0.035937 0.035937
0 0.100781 0.509375 0.035937 0.034375
0 0.157031 0.481250 0.035937 0.037500
0 0.185938 0.538281 0.031250 0.035937
0 0.127344 0.566406 0.039062 0.042188
0 0.233594 0.305469 0.035937 0.039062
0 0.289844 0.278125 0.039062 0.040625
0 0.317188 0.335156 0.031250 0.032813
0 0.260937 0.361719 0.034375 0.035937
0 0.286719 0.418750 0.035937 0.037500
0 0.341406 0.392188 0.035937 0.037500
0 0.370312 0.447656 0.037500 0.035937
0 0.315625 0.478125 0.037500 0.040625
0 0.421875 0.215625 0.034375 0.037500
0 0.477344 0.187500 0.035937 0.037500
0 0.504687 0.242969 0.034375 0.039062
0 0.532031 0.300781 0.035937 0.039062
0 0.562500 0.357031 0.037500 0.035937
0 0.448437 0.270313 0.034375 0.040625
0 0.475781 0.325000 0.035937 0.040625
0 0.502344 0.381250 0.035937 0.040625
0 0.664844 0.587500 0.035937 0.040625
0 0.612500 0.613281 0.034375 0.039062
0 0.694531 0.642969 0.035937 0.039062
0 0.639844 0.665625 0.035937 0.040625
0 0.664844 0.726562 0.039062 0.043750
0 0.720313 0.699219 0.034375 0.039062
0 0.750000 0.753125 0.031250 0.034375
0 0.694531 0.778906 0.035937 0.042188
0 0.507031 0.730469 0.035937 0.039062
0 0.535156 0.787500 0.039062 0.040625
0 0.562500 0.843750 0.034375 0.037500
0 0.507812 0.869531 0.037500 0.039062
0 0.476562 0.813281 0.034375 0.035937
0 0.452344 0.759375 0.039062 0.040625
0 0.423438 0.703125 0.040625 0.040625
0 0.076563 0.159375 0.015625 0.025000
0 0.088281 0.181250 0.020313 0.021875