0 0.393750 0.479687 0.025000 0.025000
0 0.562500 0.507812 0.050000 0.053125
0 0.584375 0.570312 0.050000 0.053125
0 0.646875 0.548438 0.050000 0.050000
0 0.625000 0.488281 0.053125 0.054688
0 0.690625 0.332031 0.065625 0.067187
0 0.717187 0.416406 0.068750 0.070312
0 0.750781 0.503125 0.060937 0.068750
0 0.874219 0.460156 0.064062 0.070312
0 0.842187 0.372656 0.068750 0.067187
0 0.814844 0.287500 0.067187 0.071875
0 0.938281 0.243750 0.064062 0.065625
0 0.967187 0.331250 0.065625 0.068750
0 0.982031 0.417187 0.035937 0.068750