0 0.038281 0.243750 0.064062 0.065625
0 0.067187 0.331250 0.065625 0.068750
0 0.096094 0.417187 0.064062 0.068750
0 0.220312 0.373437 0.062500 0.068750
0 0.190625 0.289062 0.065625 0.065625
0 0.156250 0.194531 0.050000 0.048438
0 0.243750 0.163281 0.046875 0.051562
0 0.277344 0.260156 0.064062 0.070312
0 0.307031 0.342969 0.060937 0.060937
0 0.429688 0.300781 0.062500 0.067187
0 0.401562 0.216406 0.062500 0.064062
0 0.370312 0.129688 0.065625 0.065625
0 0.456250 0.099219 0.062500 0.064062
0 0.485938 0.183594 0.062500 0.070312
0 0.515625 0.270313 0.062500 0.065625
0 0.428906 0.786719 0.023438 0.026562
0 0.293750 0.939844 0.031250 0.029687
0 0.282813 0.910937 0.031250 0.034375
0 0.273438 0.880469 0.034375 0.032813