0 0.023438 0.814063 0.046875 0.100000
0 0.221875 0.604688 0.075000 0.075000
0 0.222656 0.503906 0.076563 0.073438
0 0.231250 0.267969 0.053125 0.054688
0 0.350781 0.264844 0.054688 0.054688
0 0.460938 0.261719 0.056250 0.054688
0 0.579688 0.267969 0.065625 0.060937
0 0.676562 0.263281 0.062500 0.060937
0 0.464062 0.397656 0.043750 0.039062
0 0.537500 0.378125 0.034375 0.034375
0 0.487500 0.457031 0.031250 0.029687
0 0.489844 0.503906 0.026562 0.026562
0 0.489844 0.540625 0.023438 0.021875
0 0.527344 0.539062 0.017188 0.018750
0 0.556250 0.536719 0.021875 0.017188
0 0.539062 0.492188 0.034375 0.034375
0 0.538281 0.438281 0.035937 0.032813
0 0.621875 0.410156 0.056250 0.057813
0 0.625781 0.505469 0.057813 0.054688
0 0.717969 0.489063 0.035937 0.034375
0 0.247656 0.012500 0.045312 0.025000
0 0.291406 0.110156 0.042188 0.042188
0 0.283594 0.074219 0.023438 0.026562
0 0.247656 0.067969 0.029687 0.032813
0 0.215625 0.068750 0.031250 0.034375
0 0.183594 0.068750 0.029687 0.034375
0 0.151562 0.067969 0.028125 0.026562
0 0.072656 0.037500 0.079687 0.075000
0 0.708594 0.025000 0.020313 0.015625
0 0.701562 0.100781 0.015625 0.014063
0 0.702344 0.126562 0.014063 0.015625
0 0.701562 0.141406 0.015625 0.014063
0 0.339844 0.005469 0.017188 0.010937
0 0.702344 0.528906 0.017188 0.014063
0 0.179688 0.090625 0.012500 0.009375
0 0.179688 0.097656 0.012500 0.010937
0 0.195312 0.092969 0.009375 0.007812
0 0.196094 0.100781 0.010937 0.007812
0 0.202344 0.092188 0.007812 0.006250
0 0.202344 0.100781 0.007812 0.007812