0 0.023438 0.514062 0.046875 0.100000
0 0.221875 0.304688 0.075000 0.075000
0 0.222656 0.203906 0.076563 0.073438
0 0.464062 0.097656 0.043750 0.039062
0 0.537500 0.078125 0.034375 0.034375
0 0.487500 0.157031 0.031250 0.029687
0 0.489844 0.203906 0.026562 0.026562
0 0.489844 0.240625 0.023438 0.021875
0 0.527344 0.239063 0.017188 0.018750
0 0.556250 0.236719 0.021875 0.017188
0 0.539062 0.192188 0.034375 0.034375
0 0.538281 0.138281 0.035937 0.032813
0 0.621875 0.110156 0.056250 0.057813
0 0.625781 0.205469 0.057813 0.054688
0 0.717969 0.189062 0.035937 0.034375
0 0.702344 0.228906 0.017188 0.014063