0 0.046094 0.138281 0.054688 0.054688
0 0.182812 0.135156 0.050000 0.048438
0 0.302344 0.134375 0.048438 0.046875
0 0.420312 0.137500 0.046875 0.046875
0 0.046875 0.258594 0.056250 0.054688
0 0.183594 0.255469 0.054688 0.054688
0 0.303125 0.258594 0.050000 0.054688
0 0.422656 0.255469 0.051562 0.048438
0 0.541406 0.253906 0.048438 0.051562
0 0.046094 0.378125 0.054688 0.056250
0 0.203906 0.378125 0.051562 0.046875
0 0.303906 0.376563 0.048438 0.050000
0 0.421875 0.375000 0.050000 0.053125
0 0.048438 0.496875 0.059375 0.056250
0 0.538281 0.382812 0.064062 0.062500
0 0.206250 0.496875 0.053125 0.053125
0 0.301563 0.495312 0.053125 0.053125
0 0.422656 0.496875 0.054688 0.053125
0 0.541406 0.496875 0.054688 0.056250
0 0.032813 0.658594 0.056250 0.057813
0 0.032031 0.787500 0.057813 0.059375
0 0.171094 0.785937 0.057813 0.056250
0 0.275000 0.657813 0.059375 0.059375
0 0.423438 0.636719 0.062500 0.054688
0 0.542969 0.638281 0.060937 0.060937
0 0.279687 0.783594 0.059375 0.057813
0 0.171094 0.933594 0.057813 0.060937
0 0.280469 0.931250 0.057813 0.062500
0 0.693750 0.638281 0.062500 0.064062
0 0.658594 0.493750 0.048438 0.046875
0 0.754687 0.492188 0.046875 0.043750
0 0.657031 0.373437 0.042188 0.043750
0 0.754687 0.373437 0.043750 0.043750
0 0.656250 0.254688 0.043750 0.043750
0 0.754687 0.253906 0.043750 0.045312
0 0.656250 0.134375 0.046875 0.046875
0 0.654687 0.016406 0.043750 0.032813
0 0.988281 0.090625 0.023438 0.034375
0 0.993750 0.413281 0.012500 0.026562
0 0.847656 0.300000 0.029687 0.031250
0 0.848437 0.196094 0.028125 0.029687
0 0.513281 0.158594 0.023438 0.020313
0 0.971875 0.412500 0.018750 0.018750
0 0.944531 0.410156 0.017188 0.017188
0 0.942969 0.385156 0.020313 0.020313
0 0.763281 0.137500 0.026562 0.025000
0 0.465625 0.164062 0.015625 0.015625
0 0.518750 0.829688 0.015625 0.015625