0 0.027344 0.725781 0.054688 0.054688
0 0.117188 0.596094 0.046875 0.042188
0 0.118750 0.668750 0.043750 0.040625
0 0.654687 0.912500 0.043750 0.040625
0 0.693750 0.871875 0.043750 0.046875
0 0.758594 0.762500 0.026562 0.025000
0 0.758594 0.718750 0.026562 0.025000
0 0.988281 0.986719 0.023438 0.026562
0 0.664844 0.233594 0.048438 0.054688
0 0.732812 0.217969 0.046875 0.042188
0 0.508594 0.436719 0.073438 0.073438
0 0.585156 0.339062 0.029687 0.028125
0 0.733594 0.330469 0.029687 0.032813
0 0.737500 0.375000 0.034375 0.031250
0 0.831250 0.303906 0.050000 0.048438
0 0.794531 0.251563 0.026562 0.028125
0 0.870313 0.800000 0.028125 0.031250
0 0.871094 0.841406 0.029687 0.026562
0 0.190625 0.591406 0.028125 0.032813
0 0.903125 0.087500 0.021875 0.025000
0 0.902344 0.063281 0.020313 0.020313
0 0.938281 0.087500 0.026562 0.021875
0 0.935937 0.062500 0.021875 0.021875
0 0.896875 0.239063 0.018750 0.018750
0 0.898438 0.279687 0.018750 0.018750
0 0.433594 0.239844 0.014063 0.014063
0 0.452344 0.247656 0.017188 0.017188
0 0.481250 0.265625 0.015625 0.015625
0 0.489844 0.254688 0.014063 0.012500
0 0.689844 0.700000 0.017188 0.015625