0 0.686719 0.125781 0.060937 0.060937
0 0.765625 0.124219 0.062500 0.064062
0 0.685156 0.203906 0.057813 0.054688
0 0.764844 0.202344 0.064062 0.060937
0 0.946094 0.138281 0.054688 0.054688
0 0.946875 0.258594 0.056250 0.054688
0 0.946094 0.378125 0.054688 0.056250
0 0.948438 0.496875 0.059375 0.056250
0 0.932813 0.658594 0.056250 0.057813
0 0.932031 0.787500 0.057813 0.059375
0 0.804688 0.496875 0.034375 0.034375
0 0.769531 0.496875 0.032813 0.034375
0 0.735156 0.494531 0.026562 0.026562
0 0.746875 0.607031 0.028125 0.026562
0 0.799219 0.610156 0.026562 0.029687
0 0.779687 0.725781 0.028125 0.026562
0 0.810156 0.767188 0.026562 0.025000
0 0.783594 0.767969 0.029687 0.026562
0 0.237500 0.765625 0.046875 0.046875
0 0.247656 0.903125 0.045312 0.043750
0 0.283594 0.974219 0.023438 0.026562
0 0.247656 0.967969 0.029687 0.032813
0 0.215625 0.968750 0.031250 0.034375
0 0.183594 0.968750 0.029687 0.034375
0 0.151562 0.967969 0.028125 0.026562
0 0.089063 0.830469 0.078125 0.076563
0 0.072656 0.935156 0.079687 0.079687
0 0.677344 0.894531 0.014063 0.014063
0 0.724219 0.895312 0.014063 0.015625
0 0.707812 0.896875 0.015625 0.015625
0 0.708594 0.925000 0.020313 0.015625
0 0.701562 0.996875 0.015625 0.006250
0 0.339844 0.903125 0.017188 0.015625
0 0.254688 0.739062 0.015625 0.015625
0 0.372656 0.858594 0.017188 0.014063
0 0.458594 0.273438 0.010937 0.012500
0 0.449219 0.275781 0.010937 0.014063
0 0.447656 0.262500 0.014063 0.012500
0 0.458594 0.261719 0.010937 0.010937
0 0.448437 0.235937 0.009375 0.009375
0 0.449219 0.228906 0.010937 0.007812
0 0.449219 0.219531 0.014063 0.014063
0 0.448437 0.208594 0.012500 0.014063
0 0.448437 0.198437 0.009375 0.006250
0 0.448437 0.189844 0.009375 0.007812
0 0.444531 0.170313 0.010937 0.006250
0 0.450000 0.166406 0.009375 0.010937
0 0.428125 0.291406 0.012500 0.010937
0 0.428906 0.273438 0.014063 0.015625
0 0.428125 0.252344 0.009375 0.007812
0 0.428906 0.243750 0.010937 0.009375
0 0.428906 0.228125 0.010937 0.012500
0 0.429688 0.213281 0.009375 0.010937
0 0.428906 0.200781 0.014063 0.014063
0 0.429688 0.183594 0.015625 0.017188
0 0.431250 0.167969 0.015625 0.017188
0 0.547656 0.771094 0.020313 0.020313
0 0.179688 0.990625 0.012500 0.009375
0 0.179688 0.996094 0.012500 0.007812
0 0.195312 0.992969 0.009375 0.007812
0 0.196094 0.998437 0.010937 0.003125
0 0.202344 0.992188 0.007812 0.006250
0 0.202344 0.998437 0.007812 0.003125
0 0.560937 0.796094 0.012500 0.014063
0 0.553125 0.793750 0.012500 0.009375