0 0.964063 0.015625 0.062500 0.031250
0 0.953125 0.100000 0.084375 0.084375
0 0.977344 0.189062 0.045312 0.050000
0 0.925000 0.188281 0.056250 0.051562
0 0.893750 0.018750 0.062500 0.037500
0 0.843750 0.102344 0.084375 0.079687
0 0.725781 0.161719 0.070312 0.067187
0 0.732031 0.082812 0.073438 0.062500
0 0.738281 0.020313 0.079687 0.040625
0 0.629687 0.011719 0.065625 0.023438
0 0.628906 0.075000 0.060937 0.056250
0 0.553906 0.073438 0.060937 0.059375
0 0.550000 0.014063 0.068750 0.028125
0 0.473438 0.014063 0.068750 0.028125
0 0.396875 0.013281 0.068750 0.026562
0 0.321094 0.014063 0.067187 0.028125
0 0.485938 0.074219 0.059375 0.057813
0 0.418750 0.074219 0.059375 0.057813
0 0.357031 0.075000 0.060937 0.056250
0 0.259375 0.021094 0.034375 0.032813
0 0.278125 0.052344 0.034375 0.032813
0 0.301563 0.084375 0.037500 0.034375
0 0.650000 0.139844 0.018750 0.017188
0 0.650000 0.162500 0.018750 0.018750
0 0.494531 0.318750 0.107813 0.106250
0 0.634375 0.318750 0.109375 0.106250
0 0.775781 0.317969 0.107813 0.107813
0 0.873437 0.365625 0.046875 0.043750
0 0.872656 0.411719 0.045312 0.042188
0 0.871875 0.457813 0.046875 0.043750
0 0.872656 0.504687 0.045312 0.043750
0 0.964063 0.499219 0.031250 0.029687
0 0.775781 0.460938 0.107813 0.106250
0 0.635938 0.462500 0.106250 0.109375
0 0.497656 0.464062 0.107813 0.109375
0 0.970313 0.594531 0.037500 0.035937
0 0.978906 0.678125 0.020313 0.021875
0 0.958594 0.677344 0.023438 0.023438
0 0.904687 0.675781 0.071875 0.067187
0 0.811719 0.678125 0.070312 0.068750
0 0.718750 0.678125 0.071875 0.065625
0 0.766406 0.744531 0.073438 0.070312
0 0.629687 0.731250 0.059375 0.056250
0 0.574219 0.711719 0.035937 0.035937
0 0.517188 0.615625 0.059375 0.056250
0 0.514844 0.687500 0.060937 0.056250
0 0.514844 0.751563 0.060937 0.062500
0 0.577344 0.764062 0.060937 0.059375
0 0.860156 0.744531 0.073438 0.073438
0 0.951562 0.744531 0.071875 0.070312
0 0.985156 0.883594 0.029687 0.064062
0 0.932031 0.882812 0.070312 0.065625
0 0.856250 0.884375 0.065625 0.062500
0 0.836719 0.946875 0.048438 0.046875
0 0.785156 0.885156 0.067187 0.067187
0 0.779687 0.949219 0.053125 0.048438
0 0.639062 0.889844 0.075000 0.076563
0 0.539062 0.872656 0.075000 0.076563
0 0.439063 0.855469 0.075000 0.076563
0 0.334375 0.837500 0.075000 0.075000
0 0.240625 0.820312 0.075000 0.075000
0 0.240625 0.918750 0.075000 0.075000
0 0.336719 0.934375 0.076563 0.075000
0 0.440625 0.952344 0.075000 0.076563
0 0.535937 0.978906 0.043750 0.042188
0 0.607812 0.988281 0.056250 0.023438
0 0.673438 0.992969 0.043750 0.014063
0 0.783594 0.990625 0.057813 0.018750
0 0.835156 0.989844 0.051562 0.020313
0 0.222656 0.985938 0.054688 0.028125
0 0.285156 0.992969 0.048438 0.014063
0 0.818750 0.019531 0.068750 0.039062