0 0.098437 0.198437 0.071875 0.071875
0 0.175781 0.206250 0.073438 0.068750
0 0.253906 0.216406 0.073438 0.073438
0 0.324219 0.217188 0.057813 0.056250
0 0.315625 0.274219 0.059375 0.054688
0 0.310937 0.331250 0.056250 0.056250
0 0.282813 0.383594 0.056250 0.054688
0 0.196875 0.293750 0.075000 0.068750
0 0.225781 0.375781 0.054688 0.057813
0 0.168750 0.371094 0.056250 0.057813
0 0.115625 0.448437 0.037500 0.037500
0 0.288281 0.498437 0.089063 0.087500
0 0.178906 0.497656 0.089063 0.089063
0 0.033594 0.513281 0.067187 0.073438
0 0.025781 0.579688 0.051562 0.053125
0 0.153906 0.604688 0.085938 0.087500
0 0.280469 0.605469 0.089063 0.089063
0 0.220312 0.678906 0.062500 0.067187
0 0.289844 0.696875 0.057813 0.056250
0 0.017969 0.639062 0.035937 0.040625
0 0.129688 0.695312 0.065625 0.068750
0 0.176563 0.762500 0.065625 0.065625
0 0.109375 0.761719 0.065625 0.067187
0 0.157812 0.914844 0.071875 0.073438
0 0.244531 0.935156 0.073438 0.073438