0 0.840625 0.025000 0.056250 0.050000
0 0.780469 0.025781 0.060937 0.051562
0 0.943750 0.100781 0.046875 0.045312
0 0.875000 0.107031 0.065625 0.070312
0 0.798438 0.103906 0.068750 0.076563
0 0.720313 0.108594 0.071875 0.070312
0 0.641406 0.108594 0.070312 0.070312
0 0.581250 0.104688 0.043750 0.043750
0 0.579688 0.150781 0.043750 0.045312
0 0.579688 0.199219 0.043750 0.045312
0 0.637500 0.207813 0.062500 0.059375
0 0.700000 0.207813 0.062500 0.059375
0 0.761719 0.207813 0.060937 0.059375
0 0.824219 0.207031 0.057813 0.054688
0 0.885156 0.206250 0.057813 0.056250
0 0.937500 0.194531 0.043750 0.042188
0 0.939063 0.150781 0.046875 0.048438
0 0.800000 0.282813 0.025000 0.025000
0 0.767969 0.326562 0.032813 0.034375
0 0.597656 0.396094 0.070312 0.070312
0 0.675781 0.394531 0.070312 0.073438
0 0.747656 0.407031 0.060937 0.060937
0 0.798438 0.405469 0.040625 0.039062
0 0.849219 0.404687 0.054688 0.056250
0 0.942969 0.396875 0.032813 0.034375
0 0.898438 0.417187 0.031250 0.034375
0 0.939844 0.439063 0.039062 0.040625
0 0.939844 0.485938 0.039062 0.040625
0 0.875000 0.477344 0.068750 0.064062
0 0.810156 0.478906 0.060937 0.057813
0 0.746094 0.478906 0.064062 0.057813
0 0.675781 0.473438 0.073438 0.071875
0 0.598437 0.474219 0.075000 0.070312