0 0.931250 0.146875 0.053125 0.053125
0 0.877344 0.066406 0.073438 0.073438
0 0.778906 0.046094 0.085938 0.085938
0 0.681250 0.032813 0.075000 0.065625
0 0.601562 0.022656 0.062500 0.045312
0 0.531250 0.035937 0.053125 0.053125
0 0.579688 0.104688 0.062500 0.062500
0 0.514844 0.112500 0.054688 0.053125
0 0.657813 0.127344 0.071875 0.073438
0 0.753906 0.158594 0.085938 0.085938
0 0.843750 0.188281 0.065625 0.067187
0 0.914844 0.212500 0.051562 0.053125
0 0.960938 0.519531 0.078125 0.101562
0 0.876563 0.304688 0.062500 0.065625
0 0.855469 0.379688 0.064062 0.068750
0 0.794531 0.282813 0.064062 0.068750
0 0.775781 0.358594 0.064062 0.070312
0 0.720313 0.267188 0.053125 0.056250
0 0.655469 0.248438 0.054688 0.059375
0 0.700000 0.340625 0.056250 0.062500
0 0.635938 0.325781 0.056250 0.060937
0 0.592969 0.236719 0.051562 0.054688
0 0.543750 0.203906 0.034375 0.035937
0 0.534375 0.242969 0.034375 0.035937
0 0.525000 0.283594 0.034375 0.035937
0 0.575000 0.314063 0.053125 0.053125
0 0.515625 0.322656 0.034375 0.035937
0 0.928906 0.675781 0.101562 0.098437
0 0.163281 0.545312 0.029687 0.031250
0 0.043750 0.989062 0.046875 0.021875