0 0.353125 0.319531 0.075000 0.076563
0 0.455469 0.311719 0.089063 0.089063
0 0.589844 0.360938 0.073438 0.075000
0 0.679688 0.355469 0.075000 0.076563
0 0.769531 0.350000 0.067187 0.068750
0 0.839063 0.344531 0.065625 0.067187
0 0.908594 0.341406 0.064062 0.064062
0 0.969531 0.338281 0.054688 0.054688
0 0.974219 0.433594 0.051562 0.057813
0 0.914844 0.438281 0.048438 0.048438
0 0.846094 0.442188 0.064062 0.065625
0 0.775781 0.444531 0.064062 0.067187
0 0.686719 0.450781 0.073438 0.073438
0 0.596875 0.457031 0.075000 0.073438
0 0.461719 0.421875 0.085938 0.087500
0 0.360938 0.429688 0.075000 0.075000
0 0.467187 0.530469 0.087500 0.085938
0 0.366406 0.535156 0.073438 0.073438
0 0.043750 0.100781 0.046875 0.045312
0 0.037500 0.194531 0.043750 0.042188
0 0.039062 0.150781 0.046875 0.048438
0 0.042969 0.396875 0.032813 0.034375
0 0.007031 0.417187 0.014063 0.034375
0 0.039844 0.439063 0.039062 0.040625
0 0.039844 0.485938 0.039062 0.040625
0 0.314844 0.704688 0.039062 0.037500
0 0.400000 0.817187 0.034375 0.031250
0 0.903906 0.871875 0.073438 0.068750
0 0.972656 0.867188 0.054688 0.071875
0 0.909375 0.963281 0.071875 0.073438
0 0.976562 0.957812 0.046875 0.075000