0 0.649219 0.161719 0.070312 0.073438
0 0.727344 0.171094 0.073438 0.073438
0 0.803906 0.179688 0.073438 0.075000
0 0.883594 0.187500 0.073438 0.071875
0 0.981250 0.198437 0.037500 0.071875
0 0.884375 0.333594 0.028125 0.029687
0 0.869531 0.266406 0.054688 0.054688
0 0.782031 0.268750 0.070312 0.068750
0 0.704688 0.259375 0.075000 0.071875
0 0.626563 0.226562 0.056250 0.056250
0 0.642969 0.285156 0.057813 0.057813
0 0.840625 0.315625 0.056250 0.056250
0 0.930469 0.513281 0.073438 0.073438
0 0.842969 0.489844 0.073438 0.073438
0 0.757031 0.469531 0.073438 0.073438
0 0.667969 0.446875 0.073438 0.078125
0 0.648438 0.556250 0.087500 0.087500
0 0.761719 0.586719 0.082812 0.082812
0 0.869531 0.568750 0.048438 0.053125
0 0.925781 0.579688 0.051562 0.053125
0 0.917188 0.639062 0.037500 0.040625
0 0.833594 0.626563 0.039062 0.040625
0 0.895312 0.730469 0.040625 0.039062
0 0.814844 0.701562 0.039062 0.040625
0 0.732812 0.704688 0.084375 0.081250
0 0.618750 0.675000 0.087500 0.090625
0 0.586719 0.782031 0.073438 0.076563
0 0.691406 0.803125 0.082812 0.084375
0 0.819531 0.766406 0.048438 0.051562
0 0.877344 0.779687 0.051562 0.050000
0 0.785156 0.836719 0.060937 0.064062
0 0.851562 0.852344 0.065625 0.064062
0 0.877344 0.964844 0.073438 0.070312
0 0.778906 0.946094 0.085938 0.085938
0 0.681250 0.928125 0.075000 0.075000
0 0.601562 0.911719 0.062500 0.067187
0 0.545312 0.870313 0.050000 0.053125
0 0.531250 0.935937 0.053125 0.053125
0 0.579688 0.986719 0.062500 0.026562