0 0.528125 0.117188 0.021875 0.021875
0 0.909375 0.063281 0.071875 0.073438
0 0.976562 0.057813 0.046875 0.075000
0 0.978906 0.167969 0.042188 0.067187
0 0.914844 0.173437 0.067187 0.068750
0 0.918750 0.266406 0.053125 0.051562
0 0.797656 0.220312 0.082812 0.081250
0 0.801562 0.316406 0.087500 0.085938
0 0.689063 0.324219 0.084375 0.082812
0 0.687500 0.228125 0.084375 0.081250
0 0.571094 0.208594 0.035937 0.032813
0 0.613281 0.214844 0.042188 0.042188
0 0.617188 0.255469 0.034375 0.032813
0 0.923438 0.328906 0.056250 0.057813
0 0.942969 0.446875 0.051562 0.053125
0 0.879687 0.451562 0.056250 0.053125
0 0.707812 0.452344 0.065625 0.064062
0 0.782813 0.470313 0.065625 0.065625
0 0.619531 0.490625 0.067187 0.065625
0 0.792188 0.568750 0.053125 0.056250
0 0.727344 0.572656 0.051562 0.051562
0 0.624219 0.565625 0.067187 0.065625
0 0.907813 0.556250 0.037500 0.037500
0 0.795312 0.632812 0.053125 0.053125
0 0.731250 0.637500 0.053125 0.053125
0 0.796094 0.695312 0.051562 0.053125
0 0.735156 0.701562 0.051562 0.053125
0 0.670312 0.704688 0.053125 0.053125
0 0.620313 0.664844 0.056250 0.054688
0 0.870313 0.567187 0.021875 0.025000
0 0.064062 0.299219 0.062500 0.064062
0 0.053125 0.400000 0.084375 0.084375
0 0.081250 0.489063 0.053125 0.050000
0 0.026562 0.488281 0.053125 0.051562
0 0.012500 0.304688 0.025000 0.065625
0 0.064062 0.799219 0.031250 0.029687
0 0.320312 0.626563 0.037500 0.034375
0 0.357812 0.625781 0.037500 0.035937
0 0.400781 0.636719 0.045312 0.042188
0 0.448437 0.633594 0.043750 0.039062
0 0.500781 0.631250 0.045312 0.043750
0 0.502344 0.678125 0.048438 0.046875
0 0.507031 0.726562 0.048438 0.046875
0 0.334375 0.672656 0.050000 0.048438
0 0.336719 0.725781 0.051562 0.051562
0 0.683594 0.876563 0.035937 0.037500
0 0.742969 0.948438 0.051562 0.050000
0 0.739844 0.988281 0.057813 0.023438
0 0.667188 0.984375 0.059375 0.031250
0 0.574219 0.882812 0.045312 0.043750
0 0.579688 0.939844 0.059375 0.060937
0 0.584375 0.985156 0.056250 0.029687
0 0.523438 0.987500 0.056250 0.025000
0 0.520312 0.940625 0.059375 0.053125
0 0.522656 0.879687 0.054688 0.056250
0 0.464062 0.881250 0.059375 0.056250
0 0.070312 0.894531 0.037500 0.035937
0 0.078906 0.978125 0.020313 0.021875
0 0.058594 0.977344 0.023438 0.023438
0 0.020313 0.971094 0.040625 0.057813