0 0.964063 0.299219 0.062500 0.064062
0 0.953125 0.400000 0.084375 0.084375
0 0.977344 0.489063 0.045312 0.050000
0 0.925000 0.488281 0.056250 0.051562
0 0.893750 0.304688 0.062500 0.065625
0 0.843750 0.402344 0.084375 0.079687
0 0.725781 0.461719 0.070312 0.067187
0 0.732031 0.382812 0.073438 0.062500
0 0.738281 0.306250 0.079687 0.068750
0 0.629687 0.294531 0.065625 0.057813
0 0.628906 0.375000 0.060937 0.056250
0 0.553906 0.373437 0.060937 0.059375
0 0.550000 0.293750 0.068750 0.068750
0 0.473438 0.293750 0.068750 0.068750
0 0.396875 0.293750 0.068750 0.065625
0 0.321094 0.294531 0.067187 0.067187
0 0.485938 0.374219 0.059375 0.057813
0 0.418750 0.374219 0.059375 0.057813
0 0.357031 0.375000 0.060937 0.056250
0 0.237500 0.289062 0.034375 0.031250
0 0.259375 0.321094 0.034375 0.032813
0 0.278125 0.352344 0.034375 0.032813
0 0.301563 0.384375 0.037500 0.034375
0 0.650000 0.439844 0.018750 0.017188
0 0.650000 0.462500 0.018750 0.018750
0 0.494531 0.618750 0.107813 0.106250
0 0.634375 0.618750 0.109375 0.106250
0 0.775781 0.617969 0.107813 0.107813
0 0.873437 0.665625 0.046875 0.043750
0 0.872656 0.711719 0.045312 0.042188
0 0.871875 0.757812 0.046875 0.043750
0 0.872656 0.804688 0.045312 0.043750
0 0.964063 0.799219 0.031250 0.029687
0 0.775781 0.760938 0.107813 0.106250
0 0.635938 0.762500 0.106250 0.109375
0 0.497656 0.764062 0.107813 0.109375
0 0.970313 0.894531 0.037500 0.035937
0 0.978906 0.978125 0.020313 0.021875
0 0.958594 0.977344 0.023438 0.023438
0 0.904687 0.971094 0.071875 0.057813
0 0.811719 0.971875 0.070312 0.056250
0 0.718750 0.972656 0.071875 0.054688
0 0.517188 0.915625 0.059375 0.056250
0 0.514844 0.979688 0.060937 0.040625
0 0.818750 0.306250 0.068750 0.065625