0 0.801562 0.029687 0.087500 0.059375
0 0.689063 0.032813 0.084375 0.065625
0 0.923438 0.028906 0.056250 0.057813
0 0.942969 0.146875 0.051562 0.053125
0 0.879687 0.151562 0.056250 0.053125
0 0.707812 0.152344 0.065625 0.064062
0 0.782813 0.170313 0.065625 0.065625
0 0.619531 0.190625 0.067187 0.065625
0 0.792188 0.268750 0.053125 0.056250
0 0.727344 0.272656 0.051562 0.051562
0 0.624219 0.265625 0.067187 0.065625
0 0.907813 0.256250 0.037500 0.037500
0 0.795312 0.332813 0.053125 0.053125
0 0.731250 0.337500 0.053125 0.053125
0 0.796094 0.395313 0.051562 0.053125
0 0.735156 0.401562 0.051562 0.053125
0 0.670312 0.404687 0.053125 0.053125
0 0.620313 0.364844 0.056250 0.054688
0 0.870313 0.267188 0.021875 0.025000
0 0.064062 0.015625 0.062500 0.031250
0 0.053125 0.100000 0.084375 0.084375
0 0.081250 0.189062 0.053125 0.050000
0 0.026562 0.188281 0.053125 0.051562
0 0.064062 0.499219 0.031250 0.029687
0 0.320312 0.326562 0.037500 0.034375
0 0.357812 0.325781 0.037500 0.035937
0 0.400781 0.336719 0.045312 0.042188
0 0.448437 0.333594 0.043750 0.039062
0 0.500781 0.331250 0.045312 0.043750
0 0.502344 0.378125 0.048438 0.046875
0 0.507031 0.426563 0.048438 0.046875
0 0.334375 0.372656 0.050000 0.048438
0 0.336719 0.425781 0.051562 0.051562
0 0.683594 0.576562 0.035937 0.037500
0 0.742969 0.648438 0.051562 0.050000
0 0.739844 0.703125 0.057813 0.053125
0 0.739062 0.761719 0.059375 0.054688
0 0.739062 0.821875 0.059375 0.056250
0 0.744531 0.889844 0.051562 0.045312
0 0.744531 0.945312 0.051562 0.050000
0 0.678125 0.935156 0.065625 0.067187
0 0.674219 0.858594 0.067187 0.064062
0 0.670312 0.799219 0.050000 0.045312
0 0.667969 0.750000 0.048438 0.046875
0 0.667188 0.696094 0.059375 0.054688
0 0.574219 0.582812 0.045312 0.043750
0 0.579688 0.639844 0.059375 0.060937
0 0.584375 0.698438 0.056250 0.056250
0 0.588281 0.759375 0.060937 0.059375
0 0.591406 0.848437 0.048438 0.050000
0 0.589063 0.906250 0.059375 0.059375
0 0.589844 0.955469 0.039062 0.039062
0 0.539844 0.945312 0.057813 0.056250
0 0.534375 0.856250 0.059375 0.056250
0 0.528906 0.763281 0.060937 0.057813
0 0.523438 0.701562 0.056250 0.053125
0 0.520312 0.640625 0.059375 0.053125
0 0.522656 0.579688 0.054688 0.056250
0 0.464062 0.581250 0.059375 0.056250
0 0.456250 0.762500 0.068750 0.068750
0 0.463281 0.866406 0.067187 0.067187
0 0.467969 0.943750 0.067187 0.068750
0 0.405469 0.712500 0.057813 0.056250
0 0.357812 0.724219 0.034375 0.032813
0 0.385937 0.773438 0.056250 0.056250
0 0.070312 0.594531 0.037500 0.035937
0 0.078906 0.678125 0.020313 0.021875
0 0.058594 0.677344 0.023438 0.023438
0 0.020313 0.675781 0.040625 0.067187
0 0.051562 0.744531 0.071875 0.070312
0 0.103906 0.883594 0.067187 0.064062
0 0.033594 0.882812 0.067187 0.065625