0 0.042188 0.096875 0.068750 0.068750
0 0.161719 0.169531 0.082812 0.085938
0 0.263281 0.267188 0.079687 0.081250
0 0.452344 0.210938 0.098437 0.106250
0 0.264844 0.457031 0.032813 0.032813
0 0.295312 0.510156 0.037500 0.042188
0 0.370312 0.364063 0.081250 0.087500
0 0.207031 0.489844 0.035937 0.039062
0 0.242188 0.551562 0.037500 0.040625
0 0.298438 0.651563 0.040625 0.043750
0 0.456250 0.653125 0.068750 0.071875
0 0.331250 0.707031 0.040625 0.042188
0 0.390625 0.767969 0.053125 0.057813
0 0.775781 0.719531 0.023438 0.023438
0 0.753125 0.719531 0.018750 0.020313
0 0.735156 0.715625 0.017188 0.018750
0 0.567969 0.709375 0.026562 0.031250
0 0.567969 0.673438 0.023438 0.025000
0 0.058594 0.871875 0.054688 0.056250
0 0.148438 0.821875 0.056250 0.059375
0 0.200781 0.912500 0.054688 0.059375
0 0.109375 0.959375 0.053125 0.053125
0 0.011719 0.739062 0.023438 0.025000
0 0.017188 0.690625 0.021875 0.021875
0 0.006250 0.647656 0.012500 0.017188
0 0.011719 0.662500 0.017188 0.015625