0 0.437500 0.734375 0.015625 0.015625
0 0.211719 0.364844 0.023438 0.023438
0 0.242188 0.333594 0.015625 0.017188
0 0.250781 0.351562 0.014063 0.012500
0 0.261719 0.326562 0.017188 0.018750
0 0.285156 0.315625 0.020313 0.021875
0 0.300000 0.297656 0.015625 0.017188
0 0.316406 0.313281 0.023438 0.023438
0 0.313281 0.291406 0.014063 0.017188
0 0.329688 0.281250 0.012500 0.015625
0 0.342187 0.273438 0.012500 0.015625
0 0.346094 0.294531 0.020313 0.020313
0 0.296094 0.402344 0.014063 0.014063
0 0.788281 0.410938 0.020313 0.021875
0 0.799219 0.435156 0.020313 0.023438
0 0.828125 0.386719 0.018750 0.020313
0 0.839844 0.405469 0.020313 0.020313
0 0.852344 0.429688 0.026562 0.028125
0 0.866406 0.455469 0.026562 0.029687
0 0.882812 0.478906 0.012500 0.014063
0 0.942187 0.096875 0.068750 0.068750
0 0.440625 0.918750 0.040625 0.043750
0 0.472656 0.986719 0.042188 0.026562
0 0.546094 0.932813 0.023438 0.025000
0 0.557813 0.956250 0.021875 0.025000
0 0.606250 0.922656 0.059375 0.060937
0 0.517188 0.873437 0.031250 0.034375
0 0.552344 0.854688 0.032813 0.034375
0 0.592969 0.827344 0.039062 0.042188
0 0.568750 0.776563 0.043750 0.043750
0 0.613281 0.747656 0.039062 0.045312
0 0.642969 0.798438 0.039062 0.043750
0 0.507812 0.816406 0.028125 0.029687
0 0.757031 0.775000 0.051562 0.053125
0 0.787500 0.835156 0.053125 0.054688
0 0.820312 0.890625 0.053125 0.053125
0 0.847656 0.938281 0.051562 0.051562
0 0.958594 0.871875 0.054688 0.056250
0 0.681250 0.880469 0.059375 0.060937
0 0.711719 0.949219 0.067187 0.073438
0 0.911719 0.739062 0.023438 0.025000
0 0.917188 0.690625 0.021875 0.021875
0 0.903906 0.647656 0.017188 0.017188
0 0.889062 0.656250 0.015625 0.018750
0 0.911719 0.662500 0.017188 0.015625
0 0.897656 0.671094 0.017188 0.017188
0 0.409375 0.610156 0.018750 0.023438
0 0.225781 0.344531 0.014063 0.017188
0 0.235156 0.358594 0.014063 0.014063