0 0.440625 0.020313 0.040625 0.040625
0 0.472656 0.096094 0.042188 0.045312
0 0.633594 0.132031 0.067187 0.073438
0 0.546094 0.032813 0.023438 0.025000
0 0.557813 0.056250 0.021875 0.025000
0 0.606250 0.026562 0.059375 0.053125
0 0.847656 0.038281 0.051562 0.051562
0 0.915625 0.157031 0.056250 0.054688
0 0.960938 0.232813 0.053125 0.053125
0 0.888281 0.355469 0.051562 0.054688
0 0.783594 0.395313 0.067187 0.071875
0 0.914844 0.404687 0.051562 0.056250
0 0.711719 0.049219 0.067187 0.073438
0 0.828125 0.256250 0.068750 0.071875
0 0.728125 0.289844 0.065625 0.070312
0 0.839063 0.499219 0.065625 0.070312
0 0.939063 0.452344 0.050000 0.054688
0 0.821875 0.680469 0.065625 0.070312
0 0.915625 0.656250 0.065625 0.071875