0 0.200781 0.021094 0.054688 0.042188
0 0.109375 0.059375 0.053125 0.053125
0 0.021875 0.157031 0.043750 0.054688
0 0.060937 0.232813 0.053125 0.053125
0 0.160156 0.203906 0.042188 0.045312
0 0.227344 0.165625 0.042188 0.043750
0 0.263281 0.229687 0.039062 0.043750
0 0.305469 0.303906 0.042188 0.045312
0 0.237500 0.342969 0.043750 0.045312
0 0.107031 0.314844 0.054688 0.064062
0 0.020313 0.404687 0.040625 0.056250
0 0.039062 0.452344 0.050000 0.054688
0 0.151562 0.391406 0.056250 0.064062
0 0.196875 0.268750 0.040625 0.043750
0 0.024219 0.656250 0.048438 0.071875
0 0.139844 0.571094 0.073438 0.073438
0 0.307031 0.473438 0.089063 0.093750
0 0.764062 0.823438 0.046875 0.046875
0 0.789062 0.860156 0.046875 0.045312
0 0.738281 0.871875 0.026562 0.028125
0 0.756250 0.887500 0.025000 0.025000
0 0.795312 0.983594 0.028125 0.026562