0 0.726562 0.235156 0.046875 0.035937
0 0.770312 0.244531 0.037500 0.039062
0 0.817187 0.257031 0.040625 0.035937
0 0.717187 0.281250 0.040625 0.040625
0 0.764844 0.292187 0.039062 0.034375
0 0.809375 0.303125 0.037500 0.040625
0 0.704688 0.338281 0.028125 0.026562
0 0.735156 0.346875 0.026562 0.028125
0 0.767188 0.351562 0.028125 0.028125
0 0.798438 0.359375 0.028125 0.028125
0 0.697656 0.367188 0.029687 0.025000
0 0.729688 0.376563 0.028125 0.028125
0 0.759375 0.381250 0.028125 0.028125
0 0.790625 0.389062 0.025000 0.028125
0 0.859375 0.246875 0.028125 0.028125
0 0.919531 0.285938 0.029687 0.031250
0 0.953125 0.293750 0.028125 0.028125
0 0.913281 0.315625 0.032813 0.028125
0 0.946875 0.321875 0.028125 0.025000
0 0.907813 0.345313 0.031250 0.028125
0 0.942969 0.353125 0.029687 0.028125
0 0.900781 0.373437 0.032813 0.031250
0 0.934375 0.381250 0.028125 0.028125
0 0.896875 0.403906 0.031250 0.029687
0 0.929688 0.410156 0.028125 0.026562
0 0.992188 0.346875 0.015625 0.025000
0 0.989844 0.373437 0.020313 0.028125
0 0.986719 0.400000 0.026562 0.021875
0 0.981250 0.425781 0.028125 0.026562
0 0.732812 0.425000 0.018750 0.015625
0 0.750781 0.431250 0.020313 0.018750
0 0.768750 0.433594 0.015625 0.017188
0 0.784375 0.435937 0.015625 0.018750
0 0.731250 0.444531 0.015625 0.017188
0 0.747656 0.447656 0.014063 0.017188
0 0.763281 0.452344 0.017188 0.017188
0 0.779687 0.454688 0.018750 0.018750
0 0.796875 0.460156 0.018750 0.017188
0 0.817187 0.463281 0.015625 0.020313
0 0.792969 0.477344 0.017188 0.020313
0 0.815625 0.480469 0.021875 0.017188
0 0.786719 0.495312 0.023438 0.021875
0 0.814063 0.500000 0.025000 0.018750
0 0.782031 0.514062 0.023438 0.021875
0 0.809375 0.522656 0.021875 0.020313
0 0.778125 0.538281 0.021875 0.023438
0 0.803906 0.542969 0.023438 0.023438
0 0.772656 0.558594 0.023438 0.023438
0 0.800781 0.565625 0.023438 0.021875
0 0.767969 0.585156 0.026562 0.026562
0 0.795312 0.590625 0.025000 0.025000
0 0.885938 0.456250 0.021875 0.021875
0 0.911719 0.463281 0.020313 0.023438
0 0.878906 0.482031 0.026562 0.023438
0 0.905469 0.486719 0.023438 0.026562
0 0.939844 0.483594 0.029687 0.029687
0 0.972656 0.488281 0.026562 0.026562
0 0.993750 0.492188 0.012500 0.021875
0 0.872656 0.508594 0.023438 0.026562
0 0.899219 0.514062 0.023438 0.025000
0 0.932031 0.518750 0.029687 0.031250
0 0.963281 0.528125 0.026562 0.025000
0 0.986719 0.535156 0.020313 0.023438
0 0.866406 0.557031 0.023438 0.026562
0 0.892969 0.560937 0.026562 0.025000
0 0.862500 0.580469 0.028125 0.023438
0 0.885156 0.585938 0.026562 0.028125
0 0.856250 0.603906 0.025000 0.026562
0 0.880469 0.610156 0.023438 0.023438
0 0.942187 0.575781 0.028125 0.026562
0 0.971094 0.584375 0.026562 0.025000
0 0.936719 0.605469 0.026562 0.026562
0 0.966406 0.614062 0.029687 0.028125
0 0.928906 0.631250 0.029687 0.025000
0 0.958594 0.637500 0.029687 0.025000
0 0.690625 0.653125 0.018750 0.021875
0 0.709375 0.659375 0.018750 0.021875
0 0.732031 0.664844 0.020313 0.023438
0 0.753906 0.668750 0.020313 0.021875
0 0.685156 0.675000 0.020313 0.018750
0 0.706250 0.678906 0.018750 0.023438
0 0.726562 0.682813 0.021875 0.018750
0 0.750000 0.688281 0.018750 0.020313
0 0.770312 0.693750 0.018750 0.021875
0 0.614844 0.706250 0.023438 0.025000
0 0.640625 0.710156 0.025000 0.026562
0 0.669531 0.717969 0.023438 0.026562
0 0.698438 0.727344 0.025000 0.026562
0 0.728906 0.733594 0.023438 0.026562
0 0.756250 0.730469 0.018750 0.017188
0 0.607812 0.733594 0.021875 0.020313
0 0.635938 0.739844 0.028125 0.026562
0 0.662500 0.746875 0.025000 0.025000
0 0.694531 0.753906 0.026562 0.029687
0 0.721875 0.761719 0.025000 0.029687
0 0.751563 0.750781 0.018750 0.017188
0 0.746875 0.768750 0.021875 0.018750
0 0.862500 0.728906 0.025000 0.023438
0 0.858594 0.750781 0.026562 0.020313
0 0.853906 0.774219 0.023438 0.020313
0 0.848437 0.798438 0.025000 0.025000
0 0.896875 0.735156 0.021875 0.020313
0 0.918750 0.739844 0.021875 0.020313
0 0.942187 0.746094 0.021875 0.020313
0 0.892969 0.758594 0.017188 0.020313
0 0.916406 0.765625 0.017188 0.018750
0 0.937500 0.768750 0.018750 0.021875
0 0.885156 0.782031 0.020313 0.023438
0 0.907031 0.786719 0.023438 0.023438
0 0.930469 0.792188 0.023438 0.025000
0 0.880469 0.804688 0.023438 0.021875
0 0.903125 0.810156 0.018750 0.023438
0 0.925000 0.814844 0.021875 0.023438
0 0.864844 0.823438 0.017188 0.018750
0 0.883594 0.826562 0.017188 0.018750
0 0.905469 0.833594 0.017188 0.017188
0 0.923438 0.835938 0.021875 0.021875
0 0.861719 0.841406 0.017188 0.017188
0 0.878906 0.846094 0.020313 0.020313
0 0.900781 0.850781 0.017188 0.020313
0 0.917188 0.855469 0.018750 0.017188
0 0.857031 0.860156 0.017188 0.017188
0 0.875781 0.864844 0.017188 0.020313
0 0.896875 0.867969 0.018750 0.020313
0 0.914062 0.872656 0.021875 0.017188
0 0.853125 0.877344 0.021875 0.020313
0 0.871094 0.882031 0.017188 0.020313
0 0.893750 0.887500 0.018750 0.018750
0 0.910937 0.891406 0.021875 0.017188
0 0.850781 0.895312 0.020313 0.015625
0 0.866406 0.900000 0.020313 0.018750
0 0.889844 0.903906 0.020313 0.017188
0 0.907813 0.907031 0.018750 0.017188
0 0.845313 0.913281 0.021875 0.017188
0 0.864844 0.917969 0.020313 0.020313
0 0.886719 0.921094 0.017188 0.020313
0 0.903906 0.925781 0.017188 0.020313
0 0.843750 0.931250 0.018750 0.015625
0 0.860938 0.935937 0.018750 0.018750
0 0.881250 0.941406 0.021875 0.017188
0 0.900000 0.945312 0.018750 0.018750
0 0.841406 0.949219 0.017188 0.020313
0 0.857031 0.952344 0.017188 0.017188
0 0.876563 0.957031 0.018750 0.020313
0 0.896094 0.961719 0.017188 0.020313
0 0.672656 0.862500 0.020313 0.021875
0 0.702344 0.868750 0.017188 0.021875
0 0.725000 0.875000 0.018750 0.021875
0 0.667188 0.893750 0.021875 0.021875
0 0.693750 0.899219 0.021875 0.023438
0 0.719531 0.903906 0.017188 0.017188
0 0.566406 0.923438 0.020313 0.018750
0 0.587500 0.927344 0.015625 0.020313
0 0.604688 0.930469 0.015625 0.017188
0 0.621094 0.933594 0.017188 0.017188
0 0.641406 0.941406 0.020313 0.023438
0 0.665625 0.949219 0.021875 0.023438
0 0.684375 0.959375 0.018750 0.018750
0 0.703906 0.966406 0.017188 0.020313
0 0.561719 0.942969 0.017188 0.017188
0 0.582031 0.946875 0.017188 0.018750
0 0.601562 0.948438 0.015625 0.018750
0 0.620313 0.952344 0.018750 0.020313
0 0.637500 0.964063 0.021875 0.025000
0 0.660156 0.969531 0.023438 0.023438
0 0.679688 0.979688 0.018750 0.021875
0 0.700000 0.983594 0.015625 0.017188
0 0.560156 0.962500 0.017188 0.018750
0 0.576562 0.964844 0.018750 0.020313
0 0.596094 0.965625 0.017188 0.018750
0 0.614844 0.969531 0.017188 0.017188
0 0.592969 0.983594 0.020313 0.017188
0 0.610938 0.986719 0.015625 0.017188
0 0.631250 0.988281 0.021875 0.023438
0 0.653906 0.990625 0.023438 0.018750
0 0.675781 0.993750 0.020313 0.012500
0 0.833594 0.993750 0.017188 0.012500
0 0.851562 0.995313 0.015625 0.009375
0 0.972656 0.936719 0.020313 0.014063
0 0.973437 0.950781 0.015625 0.017188
0 0.968750 0.964063 0.015625 0.012500
0 0.966406 0.977344 0.017188 0.017188
0 0.964844 0.989844 0.020313 0.017188
0 0.992969 0.937500 0.010937 0.012500
0 0.989844 0.948438 0.010937 0.012500
0 0.991406 0.960156 0.014063 0.014063
0 0.986719 0.973437 0.017188 0.015625
0 0.983594 0.986719 0.014063 0.014063
0 0.983594 0.996875 0.017188 0.006250