0 0.866406 0.004687 0.020313 0.009375
0 0.889844 0.006250 0.020313 0.012500
0 0.907813 0.007812 0.018750 0.015625
0 0.845313 0.013281 0.021875 0.017188
0 0.864844 0.017969 0.020313 0.020313
0 0.886719 0.021094 0.017188 0.020313
0 0.903906 0.025781 0.017188 0.020313
0 0.843750 0.031250 0.018750 0.015625
0 0.860938 0.035937 0.018750 0.018750
0 0.881250 0.041406 0.021875 0.017188
0 0.900000 0.045312 0.018750 0.018750
0 0.841406 0.049219 0.017188 0.020313
0 0.857031 0.052344 0.017188 0.017188
0 0.876563 0.057031 0.018750 0.020313
0 0.896094 0.061719 0.017188 0.020313
0 0.693750 0.005469 0.021875 0.010937
0 0.719531 0.006250 0.017188 0.012500
0 0.566406 0.023438 0.020313 0.018750
0 0.587500 0.027344 0.015625 0.020313
0 0.604688 0.030469 0.015625 0.017188
0 0.621094 0.033594 0.017188 0.017188
0 0.641406 0.041406 0.020313 0.023438
0 0.665625 0.049219 0.021875 0.023438
0 0.684375 0.059375 0.018750 0.018750
0 0.703906 0.066406 0.017188 0.020313
0 0.561719 0.042969 0.017188 0.017188
0 0.582031 0.046875 0.017188 0.018750
0 0.601562 0.048438 0.015625 0.018750
0 0.620313 0.052344 0.018750 0.020313
0 0.637500 0.064062 0.021875 0.025000
0 0.660156 0.069531 0.023438 0.023438
0 0.679688 0.079687 0.018750 0.021875
0 0.700000 0.083594 0.015625 0.017188
0 0.560156 0.062500 0.017188 0.018750
0 0.576562 0.064844 0.018750 0.020313
0 0.596094 0.065625 0.017188 0.018750
0 0.614844 0.069531 0.017188 0.017188
0 0.592969 0.083594 0.020313 0.017188
0 0.610938 0.086719 0.015625 0.017188
0 0.631250 0.089063 0.021875 0.025000
0 0.653906 0.092188 0.023438 0.021875
0 0.675781 0.097656 0.020313 0.020313
0 0.833594 0.096094 0.017188 0.017188
0 0.851562 0.100000 0.015625 0.018750
0 0.869531 0.105469 0.014063 0.017188
0 0.885938 0.108594 0.015625 0.020313
0 0.829688 0.114844 0.015625 0.017188
0 0.849219 0.117969 0.017188 0.017188
0 0.864844 0.121875 0.017188 0.018750
0 0.882031 0.126562 0.017188 0.018750
0 0.972656 0.036719 0.020313 0.014063
0 0.973437 0.050781 0.015625 0.017188
0 0.968750 0.064062 0.015625 0.012500
0 0.966406 0.077344 0.017188 0.017188
0 0.964844 0.089844 0.020313 0.017188
0 0.961719 0.102344 0.017188 0.014063
0 0.957812 0.117188 0.018750 0.015625
0 0.952344 0.135156 0.023438 0.020313
0 0.946875 0.157031 0.018750 0.023438
0 0.992969 0.037500 0.010937 0.012500
0 0.989844 0.048438 0.010937 0.012500
0 0.991406 0.060156 0.014063 0.014063
0 0.986719 0.073438 0.017188 0.015625
0 0.983594 0.086719 0.014063 0.014063
0 0.983594 0.100000 0.017188 0.012500
0 0.980469 0.113281 0.017188 0.017188
0 0.976562 0.127344 0.018750 0.017188
0 0.972656 0.142187 0.017188 0.018750
0 0.971094 0.161719 0.020313 0.023438