0 0.272656 0.010156 0.035937 0.020313
0 0.327344 0.010937 0.045312 0.021875
0 0.381250 0.023438 0.065625 0.046875
0 0.072656 0.041406 0.057813 0.048438
0 0.146875 0.059375 0.053125 0.053125
0 0.215625 0.075000 0.053125 0.053125
0 0.018750 0.128125 0.037500 0.065625
0 0.125781 0.153125 0.067187 0.071875
0 0.059375 0.184375 0.062500 0.065625
0 0.020313 0.023438 0.040625 0.046875
0 0.027344 0.295312 0.054688 0.050000
0 0.274219 0.010156 0.029687 0.020313
0 0.592187 0.013281 0.040625 0.026562
0 0.645312 0.021094 0.046875 0.042188
0 0.591406 0.057813 0.020313 0.018750
0 0.628125 0.059375 0.021875 0.025000
0 0.666406 0.056250 0.029687 0.028125
0 0.696875 0.043750 0.015625 0.015625
0 0.681250 0.096875 0.012500 0.015625
0 0.642188 0.098437 0.037500 0.037500
0 0.594531 0.096875 0.029687 0.034375
0 0.556250 0.090625 0.028125 0.028125
0 0.560937 0.178125 0.028125 0.025000
0 0.594531 0.179688 0.023438 0.025000
0 0.627344 0.182812 0.023438 0.025000
0 0.655469 0.176563 0.017188 0.021875
0 0.649219 0.196094 0.017188 0.017188
0 0.546875 0.207813 0.028125 0.025000
0 0.585156 0.213281 0.017188 0.023438
0 0.605469 0.213281 0.017188 0.023438
0 0.625000 0.214844 0.015625 0.023438
0 0.643750 0.215625 0.015625 0.021875
0 0.541406 0.237500 0.045312 0.031250
0 0.565625 0.249219 0.021875 0.020313
0 0.520312 0.264062 0.021875 0.025000
0 0.558594 0.266406 0.014063 0.020313
0 0.546875 0.284375 0.021875 0.021875
0 0.502344 0.286719 0.020313 0.017188
0 0.520312 0.295312 0.021875 0.021875
0 0.540625 0.303125 0.018750 0.018750
0 0.523438 0.323437 0.025000 0.021875
0 0.471875 0.346875 0.015625 0.015625
0 0.490625 0.354687 0.015625 0.015625
0 0.509375 0.364063 0.018750 0.015625
0 0.471875 0.367188 0.021875 0.021875
0 0.496875 0.381250 0.021875 0.021875
0 0.462500 0.392188 0.028125 0.025000
0 0.487500 0.401562 0.018750 0.021875
0 0.453125 0.413281 0.028125 0.023438
0 0.480469 0.421094 0.020313 0.020313
0 0.441406 0.438281 0.026562 0.023438
0 0.471094 0.442969 0.023438 0.020313
0 0.457813 0.464062 0.028125 0.021875
0 0.455469 0.498437 0.026562 0.025000
0 0.564063 0.226562 0.009375 0.009375
0 0.560937 0.232813 0.009375 0.009375
0 0.571094 0.230469 0.007812 0.007812
0 0.567969 0.235937 0.007812 0.006250
0 0.578906 0.233594 0.007812 0.007812
0 0.575781 0.239844 0.007812 0.007812
0 0.699219 0.553125 0.017188 0.018750
0 0.718750 0.556250 0.015625 0.018750
0 0.723437 0.537500 0.015625 0.018750