0 0.008594 0.007812 0.017188 0.015625
0 0.006250 0.025781 0.012500 0.020313
0 0.004687 0.045312 0.009375 0.018750
0 0.072656 0.036719 0.020313 0.014063
0 0.073438 0.050781 0.015625 0.017188
0 0.068750 0.064062 0.015625 0.012500
0 0.066406 0.077344 0.017188 0.017188
0 0.064844 0.089844 0.020313 0.017188
0 0.061719 0.102344 0.017188 0.014063
0 0.057813 0.117188 0.018750 0.015625
0 0.052344 0.135156 0.023438 0.020313
0 0.046875 0.157031 0.018750 0.023438
0 0.092969 0.037500 0.010937 0.012500
0 0.102344 0.041406 0.010937 0.014063
0 0.089844 0.048438 0.010937 0.012500
0 0.101562 0.052344 0.009375 0.010937
0 0.091406 0.060156 0.014063 0.014063
0 0.086719 0.073438 0.017188 0.015625
0 0.083594 0.086719 0.014063 0.014063
0 0.083594 0.100000 0.017188 0.012500
0 0.080469 0.113281 0.017188 0.017188
0 0.076563 0.127344 0.018750 0.017188
0 0.072656 0.142187 0.017188 0.018750
0 0.071094 0.161719 0.020313 0.023438
0 0.141406 0.050781 0.017188 0.017188
0 0.138281 0.064062 0.017188 0.015625
0 0.135156 0.080469 0.020313 0.020313
0 0.163281 0.067969 0.020313 0.020313
0 0.159375 0.085938 0.018750 0.018750
0 0.971875 0.041406 0.056250 0.048438
0 0.907813 0.128125 0.059375 0.065625
0 0.959375 0.184375 0.062500 0.065625
0 0.891406 0.194531 0.054688 0.054688
0 0.913281 0.023438 0.054688 0.046875
0 0.865625 0.278125 0.056250 0.053125
0 0.927344 0.295312 0.054688 0.050000
0 0.788281 0.315625 0.048438 0.040625
0 0.831250 0.323437 0.040625 0.043750
0 0.888281 0.337500 0.054688 0.050000
0 0.777344 0.362500 0.045312 0.040625
0 0.823438 0.369531 0.040625 0.042188