0 0.019531 0.285938 0.029687 0.031250
0 0.053125 0.293750 0.028125 0.028125
0 0.014844 0.315625 0.029687 0.028125
0 0.046875 0.321875 0.028125 0.025000
0 0.011719 0.345313 0.023438 0.028125
0 0.042969 0.353125 0.029687 0.028125
0 0.008594 0.373437 0.017188 0.031250
0 0.034375 0.381250 0.028125 0.028125
0 0.006250 0.403906 0.012500 0.029687
0 0.029687 0.410156 0.028125 0.026562
0 0.103906 0.319531 0.023438 0.023438
0 0.132812 0.327344 0.021875 0.026562
0 0.098437 0.346875 0.028125 0.025000
0 0.128125 0.353125 0.025000 0.025000
0 0.093750 0.373437 0.028125 0.028125
0 0.121875 0.379688 0.025000 0.025000
0 0.087500 0.400000 0.028125 0.021875
0 0.115625 0.404687 0.021875 0.025000
0 0.081250 0.425781 0.028125 0.026562
0 0.112500 0.432031 0.025000 0.026562
0 0.011719 0.463281 0.020313 0.023438
0 0.008594 0.486719 0.017188 0.026562
0 0.039844 0.483594 0.029687 0.029687
0 0.072656 0.488281 0.026562 0.026562
0 0.096875 0.492188 0.018750 0.021875
0 0.005469 0.514062 0.010937 0.025000
0 0.032031 0.518750 0.029687 0.031250
0 0.063281 0.528125 0.026562 0.025000
0 0.086719 0.535156 0.020313 0.023438
0 0.042188 0.575781 0.028125 0.026562
0 0.071094 0.584375 0.026562 0.025000
0 0.036719 0.605469 0.026562 0.026562
0 0.066406 0.614062 0.029687 0.028125
0 0.028906 0.631250 0.029687 0.025000
0 0.058594 0.637500 0.029687 0.025000
0 0.119531 0.665625 0.023438 0.021875
0 0.138281 0.670312 0.023438 0.018750
0 0.114844 0.685156 0.020313 0.017188
0 0.110156 0.703906 0.017188 0.020313
0 0.135156 0.688281 0.017188 0.020313
0 0.131250 0.708594 0.018750 0.020313
0 0.153125 0.692969 0.018750 0.020313
0 0.149219 0.713281 0.020313 0.023438
0 0.171094 0.695312 0.020313 0.015625
0 0.167969 0.717187 0.017188 0.018750
0 0.190625 0.700000 0.021875 0.018750
0 0.188281 0.721875 0.017188 0.021875
0 0.222656 0.695312 0.023438 0.025000
0 0.253906 0.700781 0.026562 0.029687
0 0.283594 0.706250 0.026562 0.028125
0 0.215625 0.724219 0.028125 0.026562
0 0.244531 0.730469 0.029687 0.029687
0 0.275781 0.736719 0.026562 0.029687
0 0.018750 0.739844 0.021875 0.020313
0 0.042188 0.746094 0.021875 0.020313
0 0.016406 0.765625 0.017188 0.018750
0 0.037500 0.768750 0.018750 0.021875
0 0.009375 0.786719 0.018750 0.023438
0 0.030469 0.792188 0.023438 0.025000
0 0.006250 0.810156 0.012500 0.023438
0 0.025000 0.814844 0.021875 0.023438
0 0.007031 0.833594 0.014063 0.017188
0 0.023438 0.835938 0.021875 0.021875
0 0.004687 0.850781 0.009375 0.020313
0 0.017188 0.855469 0.018750 0.017188
0 0.014063 0.872656 0.021875 0.017188
0 0.010937 0.891406 0.021875 0.017188
0 0.008594 0.907031 0.017188 0.017188
0 0.006250 0.925781 0.012500 0.020313
0 0.004687 0.945312 0.009375 0.018750
0 0.072656 0.936719 0.020313 0.014063
0 0.073438 0.950781 0.015625 0.017188
0 0.068750 0.964063 0.015625 0.012500
0 0.066406 0.977344 0.017188 0.017188
0 0.064844 0.989844 0.020313 0.017188
0 0.092969 0.937500 0.010937 0.012500
0 0.102344 0.941406 0.010937 0.014063
0 0.089844 0.948438 0.010937 0.012500
0 0.101562 0.952344 0.009375 0.010937
0 0.091406 0.960156 0.014063 0.014063
0 0.086719 0.973437 0.017188 0.015625
0 0.083594 0.986719 0.014063 0.014063
0 0.083594 0.996875 0.017188 0.006250
0 0.141406 0.950781 0.017188 0.017188
0 0.138281 0.964063 0.017188 0.015625
0 0.135156 0.980469 0.020313 0.020313
0 0.163281 0.967969 0.020313 0.020313
0 0.159375 0.985938 0.018750 0.018750
0 0.976562 0.641406 0.046875 0.057813
0 0.969531 0.708594 0.060937 0.054688
0 0.937500 0.770312 0.053125 0.053125
0 0.921875 0.833594 0.040625 0.045312
0 0.984375 0.840625 0.031250 0.065625
0 0.971875 0.941406 0.056250 0.048438
0 0.913281 0.923438 0.054688 0.046875