0 0.085156 0.641406 0.064062 0.057813
0 0.071875 0.708594 0.065625 0.054688
0 0.037500 0.770312 0.053125 0.053125
0 0.021875 0.833594 0.040625 0.045312
0 0.153125 0.713281 0.071875 0.067187
0 0.125000 0.777344 0.065625 0.060937
0 0.101562 0.840625 0.065625 0.065625
0 0.167969 0.653125 0.032813 0.034375
0 0.198437 0.665625 0.028125 0.031250
0 0.219531 0.686719 0.029687 0.035937
0 0.248438 0.700781 0.025000 0.026562
0 0.217969 0.747656 0.057813 0.051562
0 0.271094 0.764062 0.054688 0.059375
0 0.196094 0.807813 0.057813 0.059375
0 0.253906 0.819531 0.054688 0.057813
0 0.169531 0.863281 0.051562 0.054688
0 0.233594 0.876563 0.064062 0.062500
0 0.272656 0.904687 0.035937 0.031250
0 0.327344 0.897656 0.045312 0.048438
0 0.381250 0.913281 0.065625 0.067187
0 0.300000 0.845313 0.040625 0.040625
0 0.351562 0.845313 0.056250 0.053125
0 0.410938 0.848437 0.065625 0.062500
0 0.072656 0.941406 0.057813 0.048438
0 0.146875 0.959375 0.053125 0.053125
0 0.215625 0.974219 0.053125 0.051562
0 0.020313 0.923438 0.040625 0.046875
0 0.306250 0.734375 0.015625 0.012500
0 0.314063 0.748437 0.015625 0.015625
0 0.320312 0.759375 0.012500 0.012500
0 0.316406 0.773438 0.010937 0.009375
0 0.309375 0.789844 0.015625 0.010937
0 0.315625 0.807031 0.021875 0.023438
0 0.340625 0.762500 0.021875 0.028125
0 0.336719 0.787500 0.026562 0.028125
0 0.274219 0.904687 0.029687 0.031250
0 0.367188 0.776563 0.025000 0.025000
0 0.394531 0.782813 0.017188 0.021875
0 0.419531 0.795312 0.020313 0.021875
0 0.397656 0.803125 0.023438 0.018750
0 0.374219 0.803125 0.023438 0.018750
0 0.439844 0.803125 0.020313 0.021875
0 0.457813 0.817187 0.031250 0.028125
0 0.521875 0.812500 0.021875 0.018750
0 0.557031 0.800781 0.020313 0.017188
0 0.578906 0.812500 0.029687 0.031250
0 0.610938 0.816406 0.031250 0.029687
0 0.552344 0.823438 0.017188 0.018750
0 0.535937 0.817187 0.009375 0.009375
0 0.545312 0.811719 0.012500 0.007812
0 0.592187 0.906250 0.040625 0.040625
0 0.645312 0.918750 0.046875 0.046875
0 0.591406 0.957812 0.020313 0.018750
0 0.628125 0.959375 0.021875 0.025000
0 0.666406 0.956250 0.029687 0.028125
0 0.696875 0.943750 0.015625 0.015625
0 0.681250 0.994531 0.012500 0.010937
0 0.642188 0.989844 0.037500 0.020313
0 0.594531 0.989844 0.029687 0.020313
0 0.556250 0.988281 0.028125 0.023438