0 0.010937 0.448437 0.021875 0.043750
0 0.082031 0.396094 0.048438 0.045312
0 0.032031 0.517188 0.045312 0.046875
0 0.110937 0.478125 0.065625 0.065625
0 0.169531 0.351562 0.067187 0.065625
0 0.271094 0.292969 0.067187 0.067187
0 0.313281 0.377344 0.067187 0.067187
0 0.223438 0.420312 0.068750 0.065625
0 0.332813 0.238281 0.046875 0.048438
0 0.403906 0.207813 0.039062 0.037500
0 0.454688 0.178906 0.037500 0.039062
0 0.249219 0.540625 0.023438 0.021875
0 0.260937 0.563281 0.021875 0.023438
0 0.316406 0.509375 0.026562 0.028125
0 0.611719 0.008594 0.026562 0.017188
0 0.868750 0.023438 0.050000 0.046875
0 0.910156 0.105469 0.048438 0.048438
0 0.835938 0.145313 0.015625 0.015625
0 0.841406 0.158594 0.014063 0.014063
0 0.942969 0.204687 0.020313 0.018750
0 0.988281 0.217188 0.020313 0.018750
0 0.958594 0.232031 0.020313 0.017188
0 0.967969 0.266406 0.017188 0.017188
0 0.989844 0.257031 0.017188 0.014063
0 0.985156 0.795312 0.017188 0.021875
0 0.964063 0.864062 0.021875 0.021875
0 0.931250 0.878906 0.021875 0.023438
0 0.847656 0.858594 0.029687 0.032813
0 0.874219 0.909375 0.026562 0.031250
0 0.798438 0.883594 0.028125 0.029687
0 0.824219 0.935937 0.029687 0.031250
0 0.170313 0.574219 0.012500 0.014063
0 0.764844 0.825781 0.029687 0.029687
0 0.718750 0.847656 0.028125 0.026562
0 0.350781 0.568750 0.010937 0.009375
0 0.366406 0.575781 0.010937 0.010937