0 0.073438 0.856250 0.062500 0.062500
0 0.018750 0.718750 0.037500 0.059375
0 0.125781 0.961719 0.064062 0.060937
0 0.279687 0.978906 0.062500 0.042188
0 0.565625 0.802344 0.021875 0.020313
0 0.520312 0.677344 0.031250 0.029687
0 0.505469 0.637500 0.032813 0.031250
0 0.446875 0.607031 0.043750 0.042188
0 0.467969 0.654687 0.032813 0.031250
0 0.535156 0.646094 0.007812 0.007812
0 0.533594 0.652344 0.007812 0.007812
0 0.222656 0.510938 0.051562 0.053125
0 0.228906 0.571875 0.029687 0.028125
0 0.285938 0.496094 0.021875 0.020313
0 0.278906 0.526563 0.020313 0.021875
0 0.276562 0.562500 0.028125 0.028125
0 0.285938 0.596094 0.021875 0.020313
0 0.256250 0.589844 0.015625 0.017188
0 0.225000 0.655469 0.018750 0.017188
0 0.270313 0.371094 0.050000 0.048438
0 0.405469 0.375781 0.035937 0.035937
0 0.347656 0.393750 0.051562 0.050000
0 0.273438 0.437500 0.050000 0.050000
0 0.806250 0.129688 0.028125 0.031250
0 0.850000 0.142187 0.034375 0.034375
0 0.821094 0.075781 0.023438 0.023438
0 0.857031 0.086719 0.029687 0.029687
0 0.340625 0.528906 0.053125 0.054688
0 0.395313 0.569531 0.043750 0.042188
0 0.337500 0.603125 0.043750 0.043750
0 0.392188 0.622656 0.040625 0.042188
0 0.673438 0.172656 0.031250 0.029687
0 0.685937 0.639062 0.031250 0.028125