0 0.207031 0.664844 0.023438 0.023438
0 0.228125 0.657813 0.015625 0.015625
0 0.218750 0.697656 0.021875 0.020313
0 0.219531 0.721094 0.014063 0.014063
0 0.373437 0.675000 0.018750 0.021875
0 0.352344 0.674219 0.023438 0.023438
0 0.350781 0.712500 0.023438 0.025000
0 0.349219 0.749219 0.023438 0.026562
0 0.346875 0.778906 0.025000 0.026562
0 0.295312 0.662500 0.018750 0.015625
0 0.292187 0.690625 0.021875 0.021875
0 0.267188 0.660937 0.015625 0.015625
0 0.267188 0.691406 0.021875 0.023438
0 0.267188 0.714063 0.021875 0.021875
0 0.267188 0.739844 0.025000 0.026562