0 0.017188 0.105469 0.034375 0.048438
0 0.125781 0.061719 0.064062 0.060937
0 0.042969 0.204687 0.020313 0.018750
0 0.088281 0.217188 0.020313 0.018750
0 0.058594 0.232031 0.020313 0.017188
0 0.067969 0.266406 0.017188 0.017188
0 0.112500 0.267188 0.015625 0.015625
0 0.108594 0.248438 0.017188 0.015625
0 0.089844 0.257031 0.017188 0.014063
0 0.178125 0.168750 0.059375 0.062500
0 0.279687 0.089063 0.062500 0.062500
0 0.195312 0.254688 0.031250 0.028125
0 0.239844 0.232813 0.029687 0.028125
0 0.324219 0.180469 0.032813 0.035937
0 0.133594 0.386719 0.035937 0.032813
0 0.174219 0.366406 0.014063 0.014063
0 0.184375 0.386719 0.018750 0.020313
0 0.199219 0.416406 0.020313 0.020313
0 0.158594 0.435937 0.032813 0.031250
0 0.194531 0.533594 0.029687 0.029687
0 0.237500 0.511719 0.028125 0.032813
0 0.215625 0.580469 0.028125 0.029687
0 0.261719 0.559375 0.032813 0.031250
0 0.256250 0.327344 0.056250 0.054688
0 0.297656 0.340625 0.020313 0.021875
0 0.298438 0.411719 0.053125 0.054688
0 0.337500 0.489063 0.040625 0.043750
0 0.369531 0.553906 0.042188 0.042188
0 0.387500 0.517969 0.009375 0.010937
0 0.407031 0.523438 0.010937 0.012500
0 0.477344 0.489844 0.045312 0.045312
0 0.441406 0.418750 0.045312 0.043750
0 0.405469 0.346094 0.045312 0.045312
0 0.369531 0.271875 0.042188 0.043750
0 0.528906 0.321875 0.067187 0.065625
0 0.572656 0.413281 0.070312 0.067187
0 0.691406 0.410156 0.067187 0.067187
0 0.519531 0.610156 0.060937 0.060937
0 0.626563 0.541406 0.050000 0.051562
0 0.422656 0.661719 0.054688 0.054688
0 0.342187 0.678125 0.028125 0.028125
0 0.360938 0.716406 0.037500 0.039062
0 0.291406 0.702344 0.035937 0.035937
0 0.308594 0.738281 0.039062 0.039062
0 0.135937 0.610938 0.018750 0.021875
0 0.150000 0.659375 0.018750 0.018750
0 0.165625 0.632031 0.006250 0.007812
0 0.165625 0.609375 0.009375 0.009375
0 0.171875 0.629687 0.006250 0.006250
0 0.171094 0.638281 0.007812 0.007812
0 0.194531 0.596875 0.004687 0.006250
0 0.192969 0.621094 0.007812 0.007812
0 0.195312 0.630469 0.009375 0.010937
0 0.200781 0.640625 0.010937 0.009375
0 0.436719 0.792969 0.045312 0.042188
0 0.499219 0.756250 0.032813 0.031250
0 0.585156 0.696875 0.017188 0.015625
0 0.567969 0.710156 0.020313 0.020313
0 0.547656 0.721875 0.020313 0.021875
0 0.527344 0.737500 0.023438 0.025000
0 0.367969 0.831250 0.045312 0.046875
0 0.226562 0.745313 0.018750 0.018750
0 0.241406 0.774219 0.017188 0.017188
0 0.173437 0.740625 0.031250 0.031250
0 0.193750 0.778125 0.031250 0.034375
0 0.085156 0.795312 0.017188 0.021875
0 0.117188 0.819531 0.025000 0.023438
0 0.064062 0.864062 0.021875 0.021875
0 0.031250 0.878906 0.021875 0.023438
0 0.225000 0.864844 0.050000 0.054688
0 0.288281 0.856250 0.048438 0.050000
0 0.548438 0.863281 0.081250 0.082812
0 0.632031 0.789062 0.082812 0.081250
0 0.716406 0.714063 0.082812 0.084375
0 0.798438 0.640625 0.081250 0.081250
0 0.899219 0.594531 0.082812 0.079687
0 0.917969 0.484375 0.082812 0.078125
0 0.121875 0.286719 0.015625 0.017188
0 0.341406 0.578906 0.010937 0.010937
0 0.395313 0.526563 0.009375 0.009375