0 0.337500 0.887500 0.025000 0.021875
0 0.597656 0.357812 0.020313 0.018750
0 0.600781 0.335156 0.020313 0.020313
0 0.789844 0.417969 0.020313 0.023438
0 0.863281 0.383594 0.017188 0.020313
0 0.838281 0.350781 0.023438 0.023438
0 0.667188 0.255469 0.018750 0.020313
0 0.632812 0.291406 0.015625 0.017188
0 0.635938 0.315625 0.018750 0.015625
0 0.680469 0.286719 0.020313 0.020313
0 0.658594 0.273438 0.017188 0.015625
0 0.659375 0.300781 0.025000 0.023438
0 0.842969 0.393750 0.020313 0.018750
0 0.813281 0.407813 0.020313 0.025000
0 0.816406 0.452344 0.035937 0.032813