0 0.611719 0.903906 0.026562 0.026562
0 0.598437 0.871094 0.034375 0.039062
0 0.868750 0.921875 0.050000 0.050000
0 0.971094 0.856250 0.057813 0.062500
0 0.906250 0.718750 0.062500 0.059375
0 0.325781 0.575000 0.082812 0.081250
0 0.497656 0.450781 0.079687 0.079687
0 0.622656 0.385937 0.076563 0.075000
0 0.681250 0.503906 0.078125 0.076563
0 0.733594 0.610156 0.079687 0.079687
0 0.569531 0.591406 0.076563 0.073438
0 0.558594 0.712500 0.092188 0.090625
0 0.368750 0.665625 0.084375 0.081250
0 0.411719 0.757031 0.082812 0.079687
0 0.560937 0.822656 0.012500 0.014063