0 0.142187 0.749219 0.021875 0.023438
0 0.337500 0.587500 0.025000 0.021875
0 0.022656 0.959375 0.023438 0.025000
0 0.125000 0.870313 0.025000 0.028125
0 0.597656 0.057813 0.020313 0.018750
0 0.600781 0.035156 0.020313 0.020313
0 0.789844 0.117969 0.020313 0.023438
0 0.863281 0.083594 0.017188 0.020313
0 0.838281 0.050781 0.023438 0.023438
0 0.635938 0.015625 0.018750 0.015625
0 0.659375 0.006250 0.025000 0.012500
0 0.842969 0.093750 0.020313 0.018750
0 0.813281 0.107813 0.020313 0.025000
0 0.816406 0.152344 0.035937 0.032813