0 0.094531 0.617188 0.023438 0.021875
0 0.107813 0.636719 0.021875 0.020313
0 0.306250 0.375781 0.031250 0.026562
0 0.340625 0.425000 0.040625 0.037500
0 0.297656 0.455469 0.029687 0.026562
0 0.258594 0.483594 0.035937 0.029687
0 0.396875 0.364844 0.062500 0.054688
0 0.472656 0.312500 0.054688 0.056250
0 0.550781 0.198437 0.042188 0.040625
0 0.586719 0.252344 0.042188 0.042188
0 0.603906 0.167969 0.048438 0.042188
0 0.637500 0.216406 0.043750 0.045312
0 0.692969 0.158594 0.057813 0.057813
0 0.771875 0.104688 0.059375 0.056250