0 0.280469 0.979688 0.064062 0.040625
0 0.338281 0.946094 0.060937 0.057813
0 0.378906 0.987500 0.067187 0.025000
0 0.408594 0.325000 0.054688 0.050000
0 0.483594 0.278906 0.057813 0.045312
0 0.461719 0.398438 0.060937 0.050000
0 0.532031 0.350781 0.060937 0.048438
0 0.539062 0.514844 0.062500 0.051562
0 0.610156 0.466406 0.054688 0.054688
0 0.589063 0.585938 0.053125 0.056250
0 0.660156 0.535937 0.057813 0.056250
0 0.604688 0.900781 0.025000 0.026562
0 0.578125 0.917969 0.031250 0.026562
0 0.622656 0.925781 0.023438 0.029687
0 0.596094 0.949219 0.029687 0.035937
0 0.643750 0.946094 0.012500 0.020313
0 0.633594 0.950000 0.017188 0.012500
0 0.835156 0.388281 0.026562 0.026562
0 0.847656 0.402344 0.020313 0.023438
0 0.860938 0.414844 0.018750 0.017188
0 0.867969 0.424219 0.017188 0.017188
0 0.916406 0.352344 0.017188 0.017188
0 0.931250 0.341406 0.012500 0.017188
0 0.928125 0.364844 0.018750 0.017188
0 0.935156 0.375000 0.014063 0.015625
0 0.946094 0.371875 0.017188 0.018750
0 0.935156 0.355469 0.014063 0.020313