0 0.658594 0.012500 0.032813 0.025000
0 0.754687 0.346094 0.018750 0.017188
0 0.771094 0.368750 0.023438 0.018750
0 0.747656 0.385937 0.023438 0.021875
0 0.707031 0.408594 0.010937 0.017188
0 0.700000 0.413281 0.009375 0.010937
0 0.693750 0.417969 0.009375 0.010937
0 0.687500 0.423438 0.012500 0.009375
0 0.712500 0.419531 0.009375 0.014063
0 0.705469 0.422656 0.007812 0.010937
0 0.700781 0.426563 0.010937 0.012500
0 0.695312 0.433594 0.012500 0.014063
0 0.778125 0.507812 0.040625 0.034375
0 0.738281 0.535937 0.035937 0.034375
0 0.800000 0.538281 0.040625 0.035937
0 0.758594 0.564063 0.039062 0.034375
0 0.777344 0.596875 0.042188 0.037500
0 0.795312 0.636719 0.025000 0.020313
0 0.806250 0.653906 0.021875 0.020313
0 0.818750 0.671875 0.021875 0.021875
0 0.835156 0.687500 0.017188 0.018750
0 0.827344 0.692187 0.014063 0.015625
0 0.842187 0.700000 0.018750 0.015625
0 0.854688 0.714844 0.021875 0.014063
0 0.864062 0.732031 0.015625 0.014063
0 0.992969 0.754687 0.014063 0.018750
0 0.972656 0.764062 0.026562 0.021875
0 0.947656 0.787500 0.023438 0.021875
0 0.922656 0.800781 0.023438 0.020313
0 0.989062 0.795312 0.021875 0.018750
0 0.964063 0.810937 0.021875 0.018750
0 0.939063 0.825781 0.021875 0.020313
0 0.963281 0.873437 0.020313 0.018750
0 0.976562 0.892188 0.025000 0.018750
0 0.724219 0.399219 0.020313 0.017188