0 0.192969 0.071875 0.035937 0.034375
0 0.212500 0.102344 0.034375 0.039062
0 0.234375 0.131250 0.037500 0.034375
0 0.253125 0.162500 0.040625 0.040625
0 0.289844 0.212500 0.045312 0.043750
0 0.239844 0.041406 0.032813 0.032813
0 0.259375 0.073438 0.037500 0.034375
0 0.278906 0.101562 0.032813 0.034375
0 0.302344 0.131250 0.032813 0.031250
0 0.335156 0.178125 0.035937 0.040625
0 0.352344 0.011719 0.026562 0.023438
0 0.376563 0.042188 0.021875 0.025000
0 0.391406 0.061719 0.023438 0.026562
0 0.502344 0.225000 0.032813 0.028125
0 0.528125 0.266406 0.028125 0.026562
0 0.552344 0.296875 0.032813 0.031250
0 0.254688 0.504687 0.012500 0.018750
0 0.244531 0.508594 0.017188 0.017188
0 0.369531 0.625000 0.032813 0.028125
0 0.342187 0.645312 0.028125 0.025000
0 0.385156 0.650000 0.023438 0.025000
0 0.362500 0.675000 0.028125 0.028125
0 0.410938 0.686719 0.025000 0.026562
0 0.402344 0.731250 0.032813 0.028125
0 0.431250 0.918750 0.015625 0.015625
0 0.410938 0.917969 0.012500 0.017188
0 0.418750 0.928906 0.018750 0.014063
0 0.856250 0.309375 0.040625 0.037500
0 0.646875 0.436719 0.028125 0.029687
0 0.607031 0.460938 0.029687 0.025000
0 0.692969 0.500000 0.029687 0.028125
0 0.796094 0.689844 0.023438 0.023438
0 0.771094 0.704688 0.020313 0.025000