0 0.024219 0.100781 0.048438 0.057813
0 0.061719 0.164844 0.057813 0.057813
0 0.106250 0.227344 0.062500 0.057813
0 0.136719 0.055469 0.060937 0.057813
0 0.177344 0.113281 0.054688 0.054688
0 0.214062 0.173437 0.065625 0.062500
0 0.499219 0.761719 0.026562 0.032813
0 0.519531 0.789844 0.029687 0.029687
0 0.541406 0.819531 0.029687 0.026562
0 0.561719 0.850000 0.032813 0.031250
0 0.530469 0.732031 0.032813 0.032813
0 0.551562 0.761719 0.031250 0.032813
0 0.577344 0.795312 0.029687 0.025000
0 0.597656 0.827344 0.029687 0.029687
0 0.562500 0.712500 0.025000 0.025000
0 0.580469 0.738281 0.026562 0.026562
0 0.607031 0.774219 0.029687 0.029687
0 0.628906 0.807031 0.032813 0.026562