0 0.089063 0.300781 0.106250 0.098437
0 0.155469 0.393750 0.101562 0.096875
0 0.141406 0.168750 0.035937 0.037500
0 0.184375 0.142969 0.040625 0.032813
0 0.167969 0.209375 0.048438 0.037500
0 0.210156 0.182031 0.042188 0.039062
0 0.198437 0.253125 0.043750 0.043750
0 0.240625 0.225781 0.043750 0.045312
0 0.228125 0.300000 0.043750 0.043750
0 0.273438 0.269531 0.043750 0.042188
0 0.280469 0.085156 0.064062 0.051562
0 0.338281 0.046094 0.060937 0.057813
0 0.322656 0.146094 0.060937 0.057813
0 0.378906 0.103906 0.067187 0.057813
0 0.379688 0.185156 0.050000 0.045312
0 0.421875 0.158594 0.043750 0.045312
0 0.408594 0.227344 0.042188 0.042188
0 0.450781 0.202344 0.042188 0.048438
0 0.225781 0.512500 0.079687 0.071875
0 0.386719 0.489844 0.079687 0.076563
0 0.495312 0.337500 0.075000 0.075000
0 0.558594 0.432031 0.067187 0.070312
0 0.281250 0.594531 0.084375 0.070312
0 0.453125 0.587500 0.071875 0.075000
0 0.345313 0.688281 0.075000 0.070312
0 0.405469 0.772656 0.070312 0.070312
0 0.517969 0.678125 0.079687 0.068750
0 0.660937 0.577344 0.075000 0.070312
0 0.465625 0.860156 0.078125 0.076563
0 0.589063 0.776563 0.090625 0.078125
0 0.727344 0.676562 0.073438 0.068750
0 0.017188 0.763281 0.034375 0.057813
0 0.048438 0.828906 0.062500 0.054688
0 0.094531 0.892969 0.054688 0.054688
0 0.136719 0.955469 0.060937 0.057813
0 0.604688 0.007031 0.025000 0.014063
0 0.578125 0.017969 0.031250 0.026562
0 0.622656 0.025781 0.023438 0.029687
0 0.596094 0.049219 0.029687 0.035937
0 0.643750 0.046094 0.012500 0.020313
0 0.633594 0.050000 0.017188 0.012500
0 0.303906 0.298438 0.017188 0.018750
0 0.289844 0.307031 0.020313 0.014063
0 0.278906 0.319531 0.017188 0.010937
0 0.991406 0.617188 0.017188 0.021875