0 0.119531 0.736719 0.023438 0.020313
0 0.097656 0.754687 0.023438 0.018750
0 0.072656 0.764062 0.026562 0.021875
0 0.047656 0.787500 0.023438 0.021875
0 0.022656 0.800781 0.023438 0.020313
0 0.124219 0.769531 0.017188 0.017188
0 0.107813 0.781250 0.018750 0.021875
0 0.089063 0.795312 0.021875 0.018750
0 0.064062 0.810937 0.021875 0.018750
0 0.039062 0.825781 0.021875 0.020313
0 0.063281 0.873437 0.020313 0.018750
0 0.076563 0.892188 0.025000 0.018750
0 0.196875 0.693750 0.053125 0.053125
0 0.242188 0.757812 0.053125 0.053125
0 0.492969 0.071875 0.035937 0.034375
0 0.512500 0.102344 0.034375 0.039062
0 0.534375 0.131250 0.037500 0.034375
0 0.553125 0.162500 0.040625 0.040625
0 0.589844 0.212500 0.045312 0.043750
0 0.539844 0.041406 0.032813 0.032813
0 0.559375 0.073438 0.037500 0.034375
0 0.578906 0.101562 0.032813 0.034375
0 0.602344 0.131250 0.032813 0.031250
0 0.635156 0.178125 0.035937 0.040625
0 0.652344 0.011719 0.026562 0.023438
0 0.676562 0.042188 0.021875 0.025000
0 0.691406 0.061719 0.023438 0.026562
0 0.802344 0.225000 0.032813 0.028125
0 0.828125 0.266406 0.028125 0.026562
0 0.852344 0.296875 0.032813 0.031250
0 0.554688 0.504687 0.012500 0.018750
0 0.544531 0.508594 0.017188 0.017188
0 0.669531 0.625000 0.032813 0.028125
0 0.642188 0.645312 0.028125 0.025000
0 0.685156 0.650000 0.023438 0.025000
0 0.662500 0.675000 0.028125 0.028125
0 0.710938 0.686719 0.025000 0.026562
0 0.702344 0.731250 0.032813 0.028125
0 0.731250 0.918750 0.015625 0.015625
0 0.710938 0.917969 0.012500 0.017188
0 0.718750 0.928906 0.018750 0.014063
0 0.946875 0.436719 0.028125 0.029687
0 0.907031 0.460938 0.029687 0.025000
0 0.989062 0.500000 0.021875 0.028125