0 0.328125 0.893750 0.071875 0.065625
0 0.035937 0.535937 0.071875 0.118750
0 0.175781 0.621094 0.114062 0.114062
0 0.355469 0.719531 0.120313 0.107813
0 0.111719 0.314063 0.107813 0.103125
0 0.060156 0.041406 0.110937 0.082812
0 0.226562 0.118750 0.106250 0.106250
0 0.392969 0.210156 0.110937 0.107813
0 0.557031 0.296875 0.107813 0.106250
0 0.354687 0.014844 0.071875 0.029687
0 0.448437 0.046875 0.062500 0.065625
0 0.539062 0.095312 0.062500 0.068750
0 0.439063 0.421094 0.059375 0.054688
0 0.633594 0.146094 0.064062 0.064062
0 0.911719 0.603906 0.114062 0.110937
0 0.791406 0.879687 0.045312 0.043750
0 0.746875 0.880469 0.043750 0.039062