0 0.060156 0.930469 0.110937 0.104688
0 0.354687 0.897656 0.071875 0.064062
0 0.448437 0.946875 0.062500 0.065625
0 0.539062 0.980469 0.062500 0.039062
0 0.293750 0.603125 0.078125 0.065625
0 0.342969 0.513281 0.067187 0.067187
0 0.387500 0.432031 0.068750 0.067187
0 0.539062 0.559375 0.093750 0.096875
0 0.478906 0.674219 0.095312 0.092188
0 0.653906 0.771094 0.092188 0.095312
0 0.716406 0.657813 0.089063 0.093750
0 0.546875 0.229687 0.106250 0.103125
0 0.697656 0.313281 0.107813 0.098437
0 0.926562 0.442188 0.112500 0.109375
0 0.384375 0.345313 0.025000 0.028125
0 0.418750 0.360156 0.028125 0.026562
0 0.632031 0.053125 0.098437 0.090625
0 0.802344 0.143750 0.092188 0.093750
0 0.976562 0.290625 0.046875 0.100000
0 0.886719 0.020313 0.095312 0.040625
0 0.803906 0.798438 0.032813 0.034375
0 0.765625 0.874219 0.034375 0.032813