0 0.447656 0.569531 0.032813 0.029687
0 0.460156 0.540625 0.032813 0.028125
0 0.471875 0.511719 0.031250 0.029687
0 0.276562 0.603125 0.028125 0.031250
0 0.289062 0.573438 0.034375 0.028125
0 0.297656 0.546094 0.029687 0.032813
0 0.315625 0.515625 0.018750 0.015625
0 0.322656 0.494531 0.026562 0.026562
0 0.326562 0.467187 0.028125 0.028125
0 0.344531 0.435937 0.017188 0.018750
0 0.330469 0.434375 0.010937 0.012500
0 0.318750 0.430469 0.012500 0.014063
0 0.300781 0.507812 0.017188 0.021875
0 0.298438 0.487500 0.021875 0.021875
0 0.300781 0.458594 0.029687 0.032813
0 0.285156 0.503906 0.017188 0.020313
0 0.267969 0.493750 0.020313 0.018750
0 0.275781 0.475781 0.020313 0.020313
0 0.271875 0.447656 0.028125 0.026562
0 0.256250 0.471094 0.021875 0.023438
0 0.251563 0.490625 0.018750 0.018750
0 0.237500 0.482031 0.018750 0.020313
0 0.233594 0.462500 0.023438 0.021875
0 0.245312 0.439844 0.021875 0.023438
0 0.267969 0.535156 0.026562 0.029687
0 0.243750 0.525000 0.028125 0.034375
0 0.215625 0.514062 0.028125 0.034375
0 0.258594 0.564063 0.026562 0.028125
0 0.231250 0.554688 0.028125 0.028125
0 0.204687 0.544531 0.025000 0.029687
0 0.246875 0.592969 0.028125 0.029687
0 0.218750 0.584375 0.025000 0.025000
0 0.361719 0.375000 0.020313 0.021875
0 0.365625 0.350781 0.028125 0.026562
0 0.375000 0.324219 0.028125 0.029687
0 0.386719 0.303125 0.023438 0.021875
0 0.395313 0.271875 0.028125 0.031250
0 0.367969 0.261719 0.026562 0.032813
0 0.359375 0.289062 0.028125 0.028125
0 0.349219 0.317188 0.026562 0.028125
0 0.339844 0.342187 0.026562 0.028125
0 0.341406 0.367969 0.020313 0.023438
0 0.320312 0.360938 0.021875 0.025000
0 0.341406 0.251563 0.026562 0.031250
0 0.331250 0.280469 0.028125 0.026562
0 0.321875 0.307031 0.028125 0.026562
0 0.312500 0.334375 0.028125 0.025000
0 0.297656 0.354687 0.023438 0.021875
0 0.226562 0.739844 0.009375 0.007812
0 0.221875 0.751563 0.009375 0.009375
0 0.214844 0.734375 0.010937 0.012500
0 0.210938 0.746094 0.012500 0.010937
0 0.205469 0.754687 0.010937 0.012500
0 0.200000 0.739844 0.012500 0.010937
0 0.188281 0.735938 0.010937 0.012500
0 0.184375 0.746094 0.009375 0.007812
0 0.496094 0.394531 0.010937 0.010937
0 0.510938 0.403125 0.009375 0.009375
0 0.504687 0.414062 0.009375 0.009375
0 0.129688 0.578125 0.018750 0.015625
0 0.120313 0.590625 0.018750 0.015625