0 0.622656 0.269531 0.035937 0.032813
0 0.638281 0.314063 0.042188 0.034375
0 0.772656 0.430469 0.023438 0.017188
0 0.807031 0.392188 0.023438 0.018750
0 0.796094 0.421875 0.026562 0.031250
0 0.816406 0.413281 0.020313 0.017188
0 0.827344 0.442188 0.014063 0.025000
0 0.807813 0.451562 0.018750 0.018750
0 0.782813 0.458594 0.025000 0.029687
0 0.742188 0.556250 0.043750 0.043750
0 0.792969 0.545312 0.045312 0.043750
0 0.830469 0.528906 0.045312 0.045312
0 0.761719 0.582031 0.035937 0.042188
0 0.524219 0.330469 0.073438 0.067187
0 0.560156 0.419531 0.067187 0.064062
0 0.485938 0.456250 0.068750 0.068750
0 0.451562 0.366406 0.056250 0.048438
0 0.378125 0.393750 0.046875 0.043750
0 0.420312 0.481250 0.043750 0.037500
0 0.591406 0.532813 0.042188 0.043750
0 0.540625 0.552344 0.043750 0.045312
0 0.496875 0.574219 0.043750 0.039062
0 0.445312 0.592969 0.043750 0.042188
0 0.251563 0.418750 0.078125 0.081250
0 0.300781 0.536719 0.073438 0.076563
0 0.226562 0.568750 0.056250 0.050000
0 0.165625 0.593750 0.053125 0.050000
0 0.249219 0.664844 0.082812 0.079687
0 0.336719 0.625781 0.082812 0.076563
0 0.664844 0.646875 0.079687 0.075000
0 0.596094 0.674219 0.054688 0.054688
0 0.551562 0.696875 0.043750 0.046875
0 0.509375 0.713281 0.043750 0.042188
0 0.398438 0.760938 0.071875 0.062500
0 0.321094 0.794531 0.057813 0.054688
0 0.266406 0.818750 0.057813 0.050000
0 0.435937 0.850781 0.068750 0.067187
0 0.360938 0.886719 0.056250 0.054688
0 0.300000 0.910156 0.050000 0.048438
0 0.701562 0.735156 0.078125 0.076563
0 0.624219 0.767969 0.085938 0.079687
0 0.557031 0.798438 0.060937 0.056250
0 0.766406 0.878125 0.076563 0.075000
0 0.686719 0.913281 0.085938 0.073438
0 0.611719 0.948438 0.073438 0.068750
0 0.808594 0.973437 0.076563 0.053125
0 0.487500 0.965625 0.050000 0.037500
0 0.444531 0.982812 0.042188 0.034375
0 0.186719 0.695312 0.023438 0.018750
0 0.014844 0.750781 0.029687 0.051562
0 0.018750 0.794531 0.025000 0.020313