0 0.300000 0.017188 0.050000 0.034375
0 0.686719 0.025000 0.085938 0.050000
0 0.611719 0.048438 0.073438 0.068750
0 0.808594 0.083594 0.076563 0.073438
0 0.730469 0.119531 0.079687 0.073438
0 0.658594 0.150000 0.067187 0.075000
0 0.487500 0.065625 0.050000 0.037500
0 0.444531 0.085156 0.042188 0.039062
0 0.404687 0.103906 0.043750 0.032813
0 0.371094 0.117969 0.042188 0.029687
0 0.514062 0.124219 0.037500 0.032813
0 0.472656 0.146094 0.045312 0.042188
0 0.428906 0.166406 0.045312 0.042188
0 0.978125 0.202344 0.043750 0.076563
0 0.866406 0.225000 0.032813 0.031250
0 0.828906 0.244531 0.032813 0.032813
0 0.790625 0.260937 0.031250 0.031250
0 0.889062 0.267188 0.031250 0.031250
0 0.848437 0.286719 0.037500 0.035937
0 0.804688 0.301563 0.043750 0.037500
0 0.614844 0.338281 0.048438 0.039062
0 0.640625 0.392969 0.043750 0.042188
0 0.407813 0.294531 0.028125 0.029687
0 0.426563 0.324219 0.046875 0.048438
0 0.438281 0.359375 0.029687 0.025000
0 0.239844 0.688281 0.020313 0.020313
0 0.252344 0.714844 0.023438 0.017188
0 0.213281 0.696875 0.029687 0.021875
0 0.227344 0.724219 0.026562 0.020313
0 0.238281 0.752344 0.017188 0.020313
0 0.158594 0.751563 0.067187 0.065625
0 0.050781 0.781250 0.039062 0.040625
0 0.066406 0.819531 0.042188 0.039062
0 0.011719 0.797656 0.023438 0.026562
0 0.026562 0.836719 0.034375 0.035937
0 0.189062 0.581250 0.071875 0.065625
0 0.101562 0.617969 0.068750 0.067187
0 0.177344 0.463281 0.026562 0.029687
0 0.150000 0.474219 0.028125 0.029687
0 0.122656 0.487500 0.032813 0.031250
0 0.091406 0.500000 0.029687 0.031250
0 0.065625 0.510938 0.031250 0.034375
0 0.035156 0.523438 0.029687 0.037500
0 0.130469 0.434375 0.020313 0.025000
0 0.103906 0.446094 0.032813 0.032813
0 0.071875 0.458594 0.034375 0.032813
0 0.046094 0.469531 0.032813 0.029687
0 0.015625 0.482031 0.031250 0.029687
0 0.103125 0.371875 0.018750 0.021875
0 0.076563 0.383594 0.021875 0.020313
0 0.047656 0.397656 0.023438 0.026562
0 0.019531 0.408594 0.029687 0.026562
0 0.119531 0.329688 0.020313 0.021875
0 0.092188 0.342969 0.021875 0.026562
0 0.064062 0.353125 0.021875 0.025000
0 0.037500 0.367969 0.021875 0.023438
0 0.010156 0.378906 0.020313 0.035937
0 0.088281 0.237500 0.017188 0.021875
0 0.075000 0.264844 0.018750 0.020313
0 0.055469 0.271094 0.020313 0.017188
0 0.030469 0.284375 0.020313 0.015625
0 0.012500 0.291406 0.021875 0.020313
0 0.064844 0.249219 0.017188 0.017188
0 0.048438 0.253906 0.018750 0.020313
0 0.022656 0.266406 0.017188 0.017188
0 0.007031 0.274219 0.014063 0.017188
0 0.075781 0.212500 0.010937 0.009375
0 0.057031 0.209375 0.010937 0.012500
0 0.063281 0.221094 0.010937 0.010937
0 0.026562 0.228906 0.018750 0.023438
0 0.006250 0.239844 0.012500 0.017188