0 0.003125 0.582812 0.006250 0.012500
0 0.005469 0.594531 0.010937 0.010937
0 0.006250 0.607031 0.012500 0.017188
0 0.008594 0.622656 0.017188 0.017188
0 0.011719 0.639062 0.017188 0.018750
0 0.009375 0.567187 0.009375 0.009375
0 0.012500 0.580469 0.009375 0.010937
0 0.015625 0.589844 0.009375 0.010937
0 0.018750 0.600781 0.009375 0.010937
0 0.025000 0.616406 0.015625 0.020313
0 0.030469 0.635938 0.017188 0.018750
0 0.010156 0.735156 0.017188 0.017188
0 0.025000 0.732031 0.015625 0.017188
0 0.040625 0.728125 0.015625 0.012500
0 0.014063 0.750000 0.015625 0.015625
0 0.028125 0.747656 0.009375 0.014063
0 0.043750 0.740625 0.012500 0.009375