0 0.821875 0.746094 0.018750 0.017188
0 0.896875 0.569531 0.012500 0.014063
0 0.899219 0.582812 0.014063 0.012500
0 0.903125 0.594531 0.015625 0.010937
0 0.903125 0.607031 0.018750 0.017188
0 0.907031 0.622656 0.020313 0.017188
0 0.911719 0.639062 0.017188 0.018750
0 0.909375 0.567187 0.009375 0.009375
0 0.912500 0.580469 0.009375 0.010937
0 0.915625 0.589844 0.009375 0.010937
0 0.918750 0.600781 0.009375 0.010937
0 0.925000 0.616406 0.015625 0.020313
0 0.930469 0.635938 0.017188 0.018750
0 0.910156 0.735156 0.017188 0.017188
0 0.925000 0.732031 0.015625 0.017188
0 0.940625 0.728125 0.015625 0.012500
0 0.914062 0.750000 0.015625 0.015625
0 0.928125 0.747656 0.009375 0.014063
0 0.943750 0.740625 0.012500 0.009375