0 0.615625 0.178906 0.025000 0.020313
0 0.622656 0.206250 0.023438 0.021875
0 0.630469 0.234375 0.023438 0.021875
0 0.639844 0.264062 0.020313 0.021875
0 0.645312 0.172656 0.028125 0.023438
0 0.655469 0.200781 0.026562 0.020313
0 0.660156 0.228125 0.023438 0.021875
0 0.671094 0.257031 0.020313 0.020313
0 0.588281 0.392969 0.020313 0.020313
0 0.593750 0.413281 0.021875 0.023438
0 0.598437 0.431250 0.018750 0.021875
0 0.603906 0.453125 0.023438 0.021875
0 0.607031 0.388281 0.023438 0.023438
0 0.614844 0.407813 0.020313 0.021875
0 0.618750 0.428125 0.021875 0.021875
0 0.624219 0.449219 0.020313 0.020313
0 0.675000 0.365625 0.018750 0.018750
0 0.680469 0.380469 0.017188 0.017188
0 0.682813 0.396094 0.015625 0.017188
0 0.688281 0.412500 0.017188 0.018750
0 0.691406 0.431250 0.020313 0.021875
0 0.757812 0.421094 0.018750 0.020313
0 0.751563 0.409375 0.015625 0.015625
0 0.750000 0.393750 0.018750 0.018750
0 0.707812 0.425781 0.015625 0.017188
0 0.705469 0.410156 0.017188 0.017188
0 0.698438 0.392188 0.015625 0.018750
0 0.696094 0.375000 0.017188 0.018750
0 0.690625 0.360938 0.018750 0.018750
0 0.744531 0.376563 0.020313 0.018750
0 0.738281 0.361719 0.014063 0.014063
0 0.738281 0.346875 0.017188 0.021875
0 0.723437 0.352344 0.018750 0.020313
0 0.725781 0.369531 0.017188 0.014063
0 0.729688 0.382812 0.018750 0.015625
0 0.733594 0.395313 0.017188 0.015625
0 0.735938 0.408594 0.018750 0.014063
0 0.741406 0.425000 0.020313 0.021875
0 0.796094 0.333594 0.023438 0.020313
0 0.781250 0.350781 0.021875 0.026562
0 0.799219 0.353906 0.026562 0.023438
0 0.792188 0.386719 0.021875 0.026562
0 0.796094 0.408594 0.020313 0.020313
0 0.806250 0.375000 0.021875 0.025000
0 0.813281 0.402344 0.020313 0.023438