0 0.588281 0.092969 0.020313 0.020313
0 0.593750 0.113281 0.021875 0.023438
0 0.598437 0.131250 0.018750 0.021875
0 0.603906 0.153125 0.023438 0.021875
0 0.607031 0.088281 0.023438 0.023438
0 0.614844 0.107813 0.020313 0.021875
0 0.618750 0.128125 0.021875 0.021875
0 0.624219 0.149219 0.020313 0.020313
0 0.675000 0.065625 0.018750 0.018750
0 0.680469 0.080469 0.017188 0.017188
0 0.682813 0.096094 0.015625 0.017188
0 0.688281 0.112500 0.017188 0.018750
0 0.691406 0.131250 0.020313 0.021875
0 0.757812 0.121094 0.018750 0.020313
0 0.751563 0.109375 0.015625 0.015625
0 0.750000 0.093750 0.018750 0.018750
0 0.707812 0.125781 0.015625 0.017188
0 0.705469 0.110156 0.017188 0.017188
0 0.698438 0.092188 0.015625 0.018750
0 0.696094 0.075000 0.017188 0.018750
0 0.690625 0.060937 0.018750 0.018750
0 0.744531 0.076563 0.020313 0.018750
0 0.738281 0.061719 0.014063 0.014063
0 0.738281 0.046875 0.017188 0.021875
0 0.723437 0.052344 0.018750 0.020313
0 0.725781 0.069531 0.017188 0.014063
0 0.729688 0.082812 0.018750 0.015625
0 0.733594 0.095312 0.017188 0.015625
0 0.735938 0.108594 0.018750 0.014063
0 0.741406 0.125000 0.020313 0.021875
0 0.796094 0.033594 0.023438 0.020313
0 0.781250 0.050781 0.021875 0.026562
0 0.799219 0.053906 0.026562 0.023438
0 0.792188 0.086719 0.021875 0.026562
0 0.796094 0.108594 0.020313 0.020313
0 0.806250 0.075000 0.021875 0.025000
0 0.813281 0.102344 0.020313 0.023438