0 0.915625 0.178906 0.025000 0.020313
0 0.922656 0.206250 0.023438 0.021875
0 0.930469 0.234375 0.023438 0.021875
0 0.939844 0.264062 0.020313 0.021875
0 0.945312 0.172656 0.028125 0.023438
0 0.955469 0.200781 0.026562 0.020313
0 0.960156 0.228125 0.023438 0.021875
0 0.971094 0.257031 0.020313 0.020313
0 0.888281 0.392969 0.020313 0.020313
0 0.893750 0.413281 0.021875 0.023438
0 0.898438 0.431250 0.018750 0.021875
0 0.903906 0.453125 0.023438 0.021875
0 0.907031 0.388281 0.023438 0.023438
0 0.914844 0.407813 0.020313 0.021875
0 0.918750 0.428125 0.021875 0.021875
0 0.924219 0.449219 0.020313 0.020313
0 0.975000 0.365625 0.018750 0.018750
0 0.980469 0.380469 0.017188 0.017188
0 0.982812 0.396094 0.015625 0.017188
0 0.988281 0.412500 0.017188 0.018750
0 0.990625 0.431250 0.018750 0.021875
0 0.995313 0.392188 0.009375 0.018750
0 0.993750 0.375000 0.012500 0.018750
0 0.990625 0.360938 0.018750 0.018750