0 0.314063 0.043750 0.040625 0.043750
0 0.350000 0.023438 0.028125 0.025000
0 0.383594 0.016406 0.029687 0.032813
0 0.361719 0.047656 0.010937 0.014063
0 0.346875 0.053906 0.015625 0.017188
0 0.517188 0.008594 0.018750 0.017188
0 0.896875 0.869531 0.012500 0.014063
0 0.899219 0.882812 0.014063 0.012500
0 0.903125 0.894531 0.015625 0.010937
0 0.903125 0.907031 0.018750 0.017188
0 0.907031 0.922656 0.020313 0.017188
0 0.911719 0.939063 0.017188 0.018750
0 0.909375 0.867188 0.009375 0.009375
0 0.912500 0.880469 0.009375 0.010937
0 0.915625 0.889844 0.009375 0.010937
0 0.918750 0.900781 0.009375 0.010937
0 0.925000 0.916406 0.015625 0.020313
0 0.930469 0.935937 0.017188 0.018750