0 0.595313 0.514844 0.037500 0.035937
0 0.605469 0.547656 0.039062 0.035937
0 0.614062 0.580469 0.037500 0.035937
0 0.576562 0.546875 0.018750 0.018750
0 0.581250 0.564063 0.021875 0.018750
0 0.585938 0.583594 0.018750 0.020313
0 0.588281 0.600000 0.010937 0.012500
0 0.600000 0.619531 0.018750 0.020313
0 0.604688 0.637500 0.015625 0.018750
0 0.609375 0.657031 0.018750 0.017188
0 0.619531 0.678125 0.029687 0.025000
0 0.626563 0.629687 0.018750 0.021875
0 0.631250 0.650781 0.015625 0.020313
0 0.638281 0.670312 0.017188 0.021875
0 0.489844 0.560156 0.051562 0.051562
0 0.483594 0.619531 0.042188 0.042188
0 0.495312 0.657813 0.018750 0.018750
0 0.506250 0.696094 0.043750 0.045312
0 0.524219 0.607812 0.042188 0.040625
0 0.532031 0.646094 0.045312 0.039062
0 0.546094 0.686719 0.042188 0.045312
0 0.659375 0.792969 0.050000 0.048438
0 0.585156 0.811719 0.048438 0.051562
0 0.555469 0.876563 0.039062 0.040625
0 0.578125 0.942187 0.056250 0.050000
0 0.284375 0.622656 0.059375 0.057813
0 0.310937 0.706250 0.056250 0.056250
0 0.360938 0.585938 0.046875 0.043750
0 0.371875 0.632812 0.046875 0.040625
0 0.385156 0.679688 0.045312 0.040625
0 0.398438 0.725781 0.046875 0.042188
0 0.100000 0.517969 0.015625 0.017188
0 0.124219 0.509375 0.017188 0.018750
0 0.115625 0.526563 0.018750 0.018750
0 0.144531 0.503125 0.014063 0.015625
0 0.148438 0.522656 0.018750 0.020313
0 0.018750 0.546094 0.037500 0.057813
0 0.237500 0.517969 0.012500 0.010937
0 0.248438 0.516406 0.009375 0.007812
0 0.258594 0.514062 0.010937 0.009375
0 0.284375 0.505469 0.009375 0.014063
0 0.265625 0.511719 0.009375 0.010937
0 0.258594 0.513281 0.010937 0.007812
0 0.274219 0.510156 0.010937 0.007812
0 0.151562 0.624219 0.043750 0.042188
0 0.159375 0.667188 0.050000 0.043750
0 0.178906 0.703125 0.023438 0.025000
0 0.187500 0.634375 0.018750 0.018750
0 0.191406 0.649219 0.014063 0.014063
0 0.192969 0.665625 0.014063 0.015625
0 0.195312 0.679688 0.015625 0.012500
0 0.233594 0.785937 0.026562 0.031250
0 0.425781 0.824219 0.020313 0.020313
0 0.457031 0.817969 0.023438 0.026562
0 0.435156 0.852344 0.023438 0.026562
0 0.465625 0.848437 0.021875 0.021875
0 0.503125 0.988281 0.028125 0.023438
0 0.453906 0.903125 0.010937 0.012500
0 0.457031 0.889844 0.017188 0.017188
0 0.473438 0.885156 0.018750 0.020313
0 0.467969 0.899219 0.014063 0.014063
0 0.482812 0.894531 0.012500 0.014063
0 0.495312 0.946875 0.015625 0.015625
0 0.483594 0.971094 0.014063 0.014063
0 0.119531 0.732812 0.023438 0.031250
0 0.110156 0.706250 0.026562 0.034375