0 0.888281 0.092969 0.020313 0.020313
0 0.893750 0.113281 0.021875 0.023438
0 0.898438 0.131250 0.018750 0.021875
0 0.903906 0.153125 0.023438 0.021875
0 0.907031 0.088281 0.023438 0.023438
0 0.914844 0.107813 0.020313 0.021875
0 0.918750 0.128125 0.021875 0.021875
0 0.924219 0.149219 0.020313 0.020313
0 0.975000 0.065625 0.018750 0.018750
0 0.980469 0.080469 0.017188 0.017188
0 0.982812 0.096094 0.015625 0.017188
0 0.988281 0.112500 0.017188 0.018750
0 0.990625 0.131250 0.018750 0.021875
0 0.995313 0.092188 0.009375 0.018750
0 0.993750 0.075000 0.012500 0.018750
0 0.990625 0.060937 0.018750 0.018750