0 0.928125 0.805469 0.018750 0.014063
0 0.945312 0.801562 0.015625 0.015625
0 0.578125 0.042188 0.056250 0.050000
0 0.600781 0.114062 0.054688 0.053125
0 0.725781 0.127344 0.039062 0.039062
0 0.772656 0.250781 0.054688 0.057813
0 0.453125 0.228906 0.015625 0.017188
0 0.503125 0.090625 0.028125 0.028125
0 0.496875 0.119531 0.021875 0.023438
0 0.453906 0.004687 0.010937 0.009375
0 0.467969 0.003125 0.014063 0.006250
0 0.495312 0.046875 0.015625 0.015625
0 0.483594 0.071094 0.014063 0.014063
0 0.693750 0.268750 0.009375 0.012500
0 0.671094 0.275000 0.010937 0.012500
0 0.649219 0.280469 0.010937 0.010937
0 0.822656 0.383594 0.017188 0.020313
0 0.760156 0.377344 0.017188 0.017188
0 0.778125 0.373437 0.018750 0.018750
0 0.766406 0.391406 0.017188 0.017188
0 0.783594 0.386719 0.017188 0.020313
0 0.566406 0.307031 0.017188 0.020313
0 0.571875 0.328906 0.015625 0.017188
0 0.576562 0.343750 0.015625 0.015625
0 0.556250 0.328125 0.012500 0.012500
0 0.557813 0.338281 0.012500 0.010937
0 0.561719 0.350000 0.014063 0.015625
0 0.600781 0.422656 0.020313 0.020313
0 0.604688 0.442969 0.018750 0.020313
0 0.589063 0.442188 0.009375 0.009375
0 0.591406 0.451562 0.010937 0.009375
0 0.524219 0.360938 0.014063 0.012500
0 0.382812 0.353125 0.031250 0.031250
0 0.390625 0.386719 0.031250 0.032813
0 0.415625 0.475000 0.031250 0.034375
0 0.396875 0.421875 0.021875 0.025000
0 0.408594 0.443750 0.007812 0.012500
0 0.398438 0.447656 0.012500 0.010937
0 0.398438 0.436719 0.012500 0.007812
0 0.339844 0.404687 0.023438 0.025000
0 0.360938 0.403125 0.018750 0.028125
0 0.348438 0.503125 0.025000 0.028125
0 0.409375 0.499219 0.015625 0.017188
0 0.414844 0.589844 0.017188 0.017188
0 0.442188 0.619531 0.037500 0.035937
0 0.438281 0.660156 0.026562 0.026562
0 0.364063 0.623437 0.056250 0.056250
0 0.389844 0.678125 0.035937 0.034375
0 0.346094 0.673438 0.054688 0.056250
0 0.250781 0.651563 0.048438 0.050000
0 0.281250 0.671875 0.031250 0.028125
0 0.261719 0.703125 0.054688 0.053125