0 0.615625 0.154688 0.046875 0.046875
0 0.677344 0.136719 0.048438 0.048438
0 0.631250 0.213281 0.046875 0.048438
0 0.693750 0.195312 0.050000 0.050000
0 0.642969 0.281250 0.039062 0.037500
0 0.710938 0.253906 0.053125 0.051562
0 0.659375 0.338281 0.040625 0.035937
0 0.743750 0.320312 0.040625 0.040625
0 0.680469 0.387500 0.045312 0.043750
0 0.482031 0.646875 0.023438 0.025000
0 0.314063 0.943750 0.040625 0.043750
0 0.350000 0.923438 0.028125 0.025000
0 0.383594 0.915625 0.029687 0.034375
0 0.361719 0.947656 0.010937 0.014063
0 0.346875 0.953906 0.015625 0.017188
0 0.478125 0.830469 0.028125 0.026562
0 0.488281 0.865625 0.026562 0.028125
0 0.517188 0.907813 0.018750 0.018750
0 0.573438 0.811719 0.034375 0.032813
0 0.614062 0.800000 0.034375 0.034375
0 0.582812 0.853125 0.037500 0.046875
0 0.621875 0.837500 0.040625 0.037500
0 0.576562 0.886719 0.015625 0.014063
0 0.603125 0.876563 0.021875 0.025000
0 0.624219 0.870313 0.020313 0.025000
0 0.642188 0.868750 0.015625 0.015625
0 0.687500 0.778906 0.037500 0.035937
0 0.698438 0.816406 0.037500 0.039062
0 0.729688 0.767969 0.037500 0.035937
0 0.742969 0.801562 0.026562 0.031250
0 0.713281 0.850781 0.014063 0.014063
0 0.740625 0.824219 0.012500 0.014063
0 0.753906 0.820312 0.010937 0.009375
0 0.727344 0.846094 0.014063 0.017188
0 0.742969 0.841406 0.014063 0.017188
0 0.757812 0.839844 0.012500 0.014063
0 0.760938 0.828906 0.012500 0.010937
0 0.825781 0.739062 0.029687 0.028125
0 0.857031 0.729688 0.026562 0.028125
0 0.832812 0.766406 0.028125 0.026562
0 0.864062 0.758594 0.028125 0.029687
0 0.837500 0.789844 0.018750 0.017188
0 0.876563 0.778906 0.015625 0.014063
0 0.840625 0.810937 0.025000 0.028125
0 0.864062 0.803906 0.021875 0.026562
0 0.882031 0.792969 0.010937 0.014063
0 0.887500 0.806250 0.012500 0.012500