0 0.094531 0.866406 0.117188 0.114062
0 0.049219 0.718750 0.098437 0.115625
0 0.264062 0.982812 0.046875 0.034375
0 0.323437 0.979688 0.046875 0.040625
0 0.390625 0.974219 0.028125 0.029687
0 0.441406 0.968750 0.029687 0.028125
0 0.492969 0.962500 0.029687 0.028125
0 0.261719 0.906250 0.057813 0.056250
0 0.331250 0.899219 0.056250 0.054688
0 0.404687 0.891406 0.050000 0.048438
0 0.469531 0.882812 0.048438 0.046875
0 0.227344 0.806250 0.029687 0.028125
0 0.262500 0.801562 0.028125 0.028125
0 0.286719 0.807031 0.010937 0.010937
0 0.284375 0.791406 0.012500 0.010937
0 0.317969 0.795312 0.023438 0.021875
0 0.345313 0.792188 0.025000 0.021875
0 0.367969 0.796875 0.014063 0.012500
0 0.365625 0.781250 0.012500 0.012500
0 0.442969 0.782813 0.023438 0.025000
0 0.459375 0.764844 0.021875 0.023438
0 0.522656 0.767188 0.042188 0.040625
0 0.457031 0.662500 0.032813 0.028125
0 0.501563 0.729688 0.040625 0.040625
0 0.382812 0.707812 0.046875 0.043750
0 0.298438 0.715625 0.056250 0.056250
0 0.343750 0.637500 0.050000 0.046875
0 0.380469 0.596094 0.048438 0.048438
0 0.154688 0.599219 0.090625 0.085938
0 0.229687 0.504687 0.090625 0.084375
0 0.631250 0.746094 0.034375 0.035937
0 0.585938 0.727344 0.034375 0.032813
0 0.623437 0.696094 0.034375 0.032813
0 0.544531 0.671875 0.032813 0.031250
0 0.585156 0.641406 0.035937 0.032813
0 0.554688 0.601562 0.037500 0.034375
0 0.498437 0.517969 0.056250 0.054688
0 0.868750 0.714844 0.034375 0.035937
0 0.891406 0.681250 0.032813 0.031250
0 0.835156 0.671875 0.048438 0.046875
0 0.772656 0.715625 0.045312 0.046875
0 0.719531 0.644531 0.054688 0.054688
0 0.779687 0.599219 0.056250 0.054688
0 0.673438 0.582812 0.053125 0.053125
0 0.734375 0.539062 0.062500 0.062500
0 0.982031 0.657031 0.035937 0.051562
0 0.932813 0.543750 0.075000 0.075000
0 0.865625 0.456250 0.075000 0.075000
0 0.948438 0.386719 0.087500 0.085938
0 0.620313 0.478125 0.012500 0.012500
0 0.612500 0.467969 0.012500 0.014063
0 0.636719 0.459375 0.026562 0.025000
0 0.660156 0.441406 0.023438 0.023438
0 0.725781 0.366406 0.054688 0.051562
0 0.736719 0.320312 0.023438 0.021875
0 0.785937 0.322656 0.053125 0.051562
0 0.602344 0.374219 0.060937 0.060937
0 0.684375 0.276562 0.062500 0.062500
0 0.606250 0.252344 0.059375 0.060937
0 0.735938 0.165625 0.040625 0.037500
0 0.829688 0.162500 0.018750 0.018750
0 0.808594 0.134375 0.017188 0.018750
0 0.863281 0.126562 0.032813 0.031250
0 0.910156 0.225781 0.054688 0.054688
0 0.981250 0.005469 0.021875 0.010937
0 0.967969 0.037500 0.042188 0.040625
0 0.972656 0.085156 0.035937 0.035937
0 0.957031 0.114844 0.017188 0.014063
0 0.991406 0.147656 0.017188 0.026562