0 0.324219 0.428125 0.057813 0.056250
0 0.379688 0.385937 0.059375 0.059375
0 0.423438 0.442188 0.062500 0.059375
0 0.365625 0.482812 0.059375 0.059375
0 0.217969 0.456250 0.010937 0.012500
0 0.232031 0.446875 0.014063 0.015625
0 0.236719 0.467969 0.020313 0.020313
0 0.164844 0.453906 0.014063 0.014063
0 0.173437 0.467187 0.015625 0.015625
0 0.182031 0.482031 0.014063 0.014063
0 0.148438 0.469531 0.018750 0.020313
0 0.162500 0.478906 0.012500 0.010937
0 0.169531 0.489063 0.010937 0.012500
0 0.153125 0.485938 0.012500 0.012500
0 0.159375 0.496094 0.012500 0.010937
0 0.142969 0.493750 0.010937 0.009375
0 0.149219 0.502344 0.010937 0.010937
0 0.133594 0.500000 0.010937 0.009375
0 0.124219 0.506250 0.010937 0.009375
0 0.139844 0.510156 0.010937 0.010937
0 0.126562 0.486719 0.021875 0.023438
0 0.190625 0.528906 0.031250 0.029687
0 0.285938 0.576562 0.040625 0.040625
0 0.231250 0.585938 0.040625 0.040625
0 0.243750 0.650781 0.043750 0.042188
0 0.185938 0.642969 0.015625 0.017188
0 0.200781 0.639844 0.014063 0.017188
0 0.196094 0.657813 0.010937 0.012500
0 0.206250 0.655469 0.012500 0.014063
0 0.198437 0.669531 0.012500 0.014063
0 0.200781 0.680469 0.010937 0.010937
0 0.210156 0.679688 0.010937 0.012500
0 0.208594 0.668750 0.010937 0.012500
0 0.857812 0.882031 0.115625 0.114062
0 0.967969 0.866406 0.064062 0.114062
0 0.940625 0.718750 0.115625 0.115625
0 0.296094 0.630469 0.042188 0.042188