0 0.055469 0.765625 0.060937 0.062500
0 0.120313 0.800000 0.065625 0.059375
0 0.059375 0.840625 0.062500 0.062500
0 0.081250 0.900781 0.021875 0.020313
0 0.105469 0.896094 0.020313 0.020313
0 0.113281 0.919531 0.020313 0.020313
0 0.117188 0.954688 0.037500 0.037500
0 0.067969 0.937500 0.042188 0.040625
0 0.072656 0.983594 0.035937 0.032813
0 0.173437 0.878906 0.050000 0.048438
0 0.221875 0.892969 0.028125 0.026562
0 0.190625 0.933594 0.046875 0.048438
0 0.199219 0.993750 0.029687 0.012500
0 0.228125 0.989844 0.021875 0.020313
0 0.250000 0.978125 0.021875 0.021875
0 0.782031 0.982031 0.029687 0.029687
0 0.810156 0.989844 0.029687 0.020313