0 0.089844 0.657031 0.051562 0.051562
0 0.035156 0.543750 0.070312 0.075000
0 0.048438 0.386719 0.087500 0.085938
0 0.018750 0.225781 0.037500 0.054688
0 0.219531 0.666406 0.092188 0.085938
0 0.325781 0.654687 0.076563 0.075000
0 0.185938 0.570312 0.056250 0.056250
0 0.256250 0.562500 0.056250 0.056250
0 0.314063 0.572656 0.031250 0.029687
0 0.346875 0.567187 0.028125 0.028125
0 0.310937 0.536719 0.028125 0.029687
0 0.342969 0.533594 0.029687 0.029687
0 0.508594 0.703906 0.007812 0.007812
0 0.507031 0.691406 0.010937 0.010937
0 0.506250 0.679688 0.012500 0.012500
0 0.503125 0.666406 0.012500 0.014063
0 0.500000 0.652344 0.009375 0.010937
0 0.499219 0.642188 0.010937 0.009375
0 0.498437 0.629687 0.015625 0.015625
0 0.081250 0.005469 0.021875 0.010937
0 0.113281 0.019531 0.020313 0.020313
0 0.117188 0.054688 0.037500 0.037500
0 0.067969 0.037500 0.042188 0.040625
0 0.072656 0.085156 0.035937 0.035937
0 0.057031 0.114844 0.017188 0.014063
0 0.190625 0.033594 0.046875 0.048438
0 0.134375 0.126562 0.018750 0.018750
0 0.136719 0.146094 0.010937 0.010937
0 0.097656 0.147656 0.029687 0.026562
0 0.114062 0.178906 0.015625 0.014063
0 0.119531 0.200781 0.020313 0.020313
0 0.144531 0.202344 0.017188 0.017188
0 0.140625 0.183594 0.015625 0.014063
0 0.139844 0.167969 0.017188 0.014063
0 0.210156 0.187500 0.035937 0.034375
0 0.204687 0.142187 0.031250 0.028125
0 0.199219 0.102344 0.029687 0.029687
0 0.228125 0.090625 0.021875 0.021875
0 0.250000 0.078125 0.021875 0.021875
0 0.248438 0.103125 0.018750 0.021875
0 0.251563 0.128906 0.021875 0.020313
0 0.253906 0.154688 0.023438 0.021875
0 0.255469 0.178906 0.017188 0.014063
0 0.264062 0.192188 0.012500 0.012500
0 0.250781 0.193750 0.010937 0.009375
0 0.260156 0.207031 0.014063 0.014063
0 0.307812 0.103906 0.015625 0.014063
0 0.314844 0.120313 0.017188 0.015625
0 0.315625 0.141406 0.021875 0.020313
0 0.345313 0.156250 0.021875 0.018750
0 0.319531 0.169531 0.020313 0.020313
0 0.359375 0.189844 0.031250 0.029687
0 0.328906 0.196875 0.023438 0.021875
0 0.344531 0.225781 0.029687 0.029687
0 0.382812 0.222656 0.031250 0.029687
0 0.322656 0.409375 0.020313 0.018750
0 0.753125 0.484375 0.012500 0.012500
0 0.753125 0.496875 0.009375 0.012500
0 0.780469 0.500781 0.029687 0.026562
0 0.499219 0.506250 0.023438 0.021875
0 0.525781 0.507812 0.023438 0.021875
0 0.551562 0.505469 0.021875 0.023438
0 0.557813 0.529687 0.015625 0.015625
0 0.538281 0.528906 0.014063 0.014063
0 0.521875 0.528906 0.015625 0.017188
0 0.496875 0.529687 0.015625 0.015625
0 0.650781 0.751563 0.032813 0.034375
0 0.693750 0.747656 0.037500 0.035937
0 0.732031 0.775781 0.035937 0.035937
0 0.745313 0.842969 0.028125 0.029687
0 0.769531 0.857812 0.020313 0.021875
0 0.728125 0.864844 0.021875 0.020313
0 0.706250 0.846094 0.028125 0.026562
0 0.667188 0.851562 0.031250 0.028125
0 0.629687 0.855469 0.028125 0.026562
0 0.565625 0.782813 0.040625 0.040625
0 0.513281 0.789844 0.042188 0.039062
0 0.459375 0.794531 0.040625 0.042188
0 0.401562 0.802344 0.040625 0.042188
0 0.416406 0.905469 0.017188 0.017188
0 0.397656 0.908594 0.017188 0.017188
0 0.568750 0.994531 0.021875 0.010937
0 0.339062 0.975000 0.015625 0.015625
0 0.323437 0.976562 0.015625 0.015625
0 0.307031 0.979688 0.014063 0.015625
0 0.309375 0.995313 0.015625 0.009375
0 0.325781 0.993750 0.014063 0.012500
0 0.342187 0.993750 0.015625 0.012500
0 0.796875 0.650781 0.021875 0.020313
0 0.870313 0.466406 0.018750 0.020313
0 0.874219 0.487500 0.014063 0.015625
0 0.876563 0.506250 0.015625 0.015625
0 0.877344 0.523438 0.017188 0.015625
0 0.880469 0.542188 0.017188 0.015625
0 0.845313 0.469531 0.021875 0.020313
0 0.848437 0.491406 0.015625 0.014063
0 0.850781 0.509375 0.017188 0.015625
0 0.852344 0.527344 0.017188 0.014063
0 0.854688 0.546094 0.015625 0.014063
0 0.782031 0.082031 0.029687 0.029687
0 0.810156 0.093750 0.029687 0.028125
0 0.838281 0.107031 0.029687 0.029687
0 0.814844 0.125000 0.029687 0.028125
0 0.795312 0.142187 0.021875 0.021875
0 0.777344 0.125781 0.023438 0.020313
0 0.761719 0.107031 0.029687 0.026562
0 0.863281 0.153906 0.020313 0.020313
0 0.882812 0.146094 0.018750 0.020313
0 0.900000 0.132812 0.018750 0.018750
0 0.908594 0.153125 0.020313 0.018750
0 0.892188 0.166406 0.018750 0.020313
0 0.865625 0.190625 0.018750 0.018750
0 0.841406 0.187500 0.020313 0.018750
0 0.849219 0.207813 0.014063 0.012500