0 0.029687 0.153125 0.059375 0.087500
0 0.133594 0.140625 0.089063 0.087500
0 0.149219 0.271094 0.092188 0.089063
0 0.035937 0.285156 0.071875 0.089063
0 0.048438 0.449219 0.087500 0.089063
0 0.168750 0.435156 0.093750 0.092188
0 0.179688 0.604688 0.121875 0.118750
0 0.317969 0.621875 0.035937 0.034375
0 0.415625 0.617188 0.034375 0.034375
0 0.367188 0.592187 0.034375 0.034375
0 0.408594 0.571094 0.032813 0.032813
0 0.415625 0.536719 0.021875 0.020313
0 0.373437 0.543750 0.037500 0.037500
0 0.305469 0.560156 0.051562 0.051562
0 0.430469 0.409375 0.023438 0.021875
0 0.432812 0.437500 0.021875 0.021875
0 0.381250 0.416406 0.025000 0.026562
0 0.382812 0.443750 0.025000 0.021875
0 0.339062 0.433594 0.037500 0.035937
0 0.288281 0.438281 0.039062 0.039062
0 0.300781 0.307031 0.054688 0.054688
0 0.371875 0.299219 0.056250 0.051562
0 0.442188 0.290625 0.053125 0.053125
0 0.514844 0.282813 0.054688 0.053125
0 0.504687 0.190625 0.056250 0.053125
0 0.432812 0.197656 0.053125 0.051562
0 0.360938 0.207031 0.053125 0.051562
0 0.289844 0.214062 0.054688 0.053125
0 0.264062 0.088281 0.046875 0.045312
0 0.323437 0.082812 0.046875 0.046875
0 0.390625 0.074219 0.028125 0.029687
0 0.441406 0.068750 0.029687 0.028125
0 0.492969 0.062500 0.029687 0.028125
0 0.261719 0.017188 0.057813 0.034375
0 0.331250 0.013281 0.056250 0.026562
0 0.523438 0.432812 0.046875 0.040625