0 0.281250 0.021094 0.018750 0.017188
0 0.296875 0.010156 0.018750 0.017188
0 0.325000 0.060937 0.025000 0.021875
0 0.293750 0.075781 0.018750 0.017188
0 0.275781 0.429688 0.023438 0.021875
0 0.357812 0.407813 0.021875 0.021875
0 0.418750 0.394531 0.034375 0.032813
0 0.427344 0.447656 0.026562 0.026562
0 0.400000 0.478906 0.040625 0.039062
0 0.279687 0.500781 0.053125 0.051562
0 0.213281 0.527344 0.051562 0.051562
0 0.155469 0.571094 0.045312 0.045312
0 0.048438 0.268750 0.015625 0.012500
0 0.056250 0.590625 0.018750 0.018750