0 0.048438 0.149219 0.087500 0.089063
0 0.168750 0.135156 0.093750 0.092188
0 0.179688 0.304688 0.121875 0.118750
0 0.317969 0.321875 0.035937 0.034375
0 0.415625 0.317188 0.034375 0.034375
0 0.367188 0.292187 0.034375 0.034375
0 0.408594 0.271094 0.032813 0.032813
0 0.415625 0.236719 0.021875 0.020313
0 0.373437 0.243750 0.037500 0.037500
0 0.305469 0.260156 0.051562 0.051562
0 0.430469 0.109375 0.023438 0.021875
0 0.432812 0.137500 0.021875 0.021875
0 0.381250 0.116406 0.025000 0.026562
0 0.382812 0.143750 0.025000 0.021875
0 0.339062 0.133594 0.037500 0.035937
0 0.288281 0.138281 0.039062 0.039062
0 0.300781 0.017188 0.054688 0.034375
0 0.371875 0.012500 0.056250 0.025000
0 0.523438 0.132812 0.046875 0.040625