0 0.416406 0.007031 0.017188 0.014063
0 0.397656 0.008594 0.017188 0.017188
0 0.568750 0.100000 0.021875 0.021875
0 0.542188 0.103125 0.021875 0.021875
0 0.517188 0.107031 0.021875 0.020313
0 0.492969 0.108594 0.020313 0.020313
0 0.469531 0.110937 0.020313 0.021875
0 0.445312 0.113281 0.018750 0.020313
0 0.422656 0.116406 0.020313 0.020313
0 0.339062 0.075000 0.015625 0.015625
0 0.323437 0.076563 0.015625 0.015625
0 0.307031 0.079687 0.014063 0.015625
0 0.309375 0.098437 0.015625 0.015625
0 0.325781 0.096094 0.014063 0.017188
0 0.342187 0.094531 0.015625 0.014063
0 0.359375 0.157812 0.021875 0.018750
0 0.331250 0.161719 0.021875 0.020313
0 0.307031 0.160156 0.020313 0.020313
0 0.364844 0.192969 0.023438 0.023438
0 0.335156 0.196875 0.026562 0.025000
0 0.300000 0.200781 0.021875 0.023438
0 0.277344 0.211719 0.017188 0.017188
0 0.370312 0.223438 0.015625 0.015625
0 0.350000 0.225781 0.015625 0.014063
0 0.328125 0.228906 0.018750 0.014063
0 0.304688 0.230469 0.018750 0.017188
0 0.280469 0.234375 0.017188 0.018750
0 0.402344 0.265625 0.017188 0.018750
0 0.383594 0.268750 0.017188 0.015625
0 0.356250 0.274219 0.018750 0.017188
0 0.328125 0.269531 0.012500 0.010937
0 0.329688 0.282031 0.012500 0.010937
0 0.312500 0.271875 0.012500 0.012500
0 0.313281 0.283594 0.010937 0.010937
0 0.301563 0.283594 0.009375 0.007812
0 0.301563 0.274219 0.009375 0.010937
0 0.705469 0.383594 0.023438 0.023438
0 0.697656 0.257031 0.039062 0.039062
0 0.763281 0.243750 0.039062 0.037500
0 0.917969 0.389062 0.048438 0.046875