0 0.615625 0.427344 0.021875 0.026562
0 0.615625 0.393750 0.021875 0.025000
0 0.618750 0.367969 0.025000 0.020313
0 0.618750 0.348438 0.021875 0.021875
0 0.619531 0.323437 0.023438 0.021875
0 0.579688 0.426563 0.025000 0.025000
0 0.579688 0.395313 0.025000 0.028125
0 0.582031 0.365625 0.020313 0.025000
0 0.581250 0.345313 0.018750 0.021875
0 0.582812 0.322656 0.021875 0.026562
0 0.540625 0.316406 0.015625 0.017188
0 0.540625 0.335938 0.015625 0.021875
0 0.539844 0.355469 0.017188 0.020313
0 0.540625 0.374219 0.015625 0.017188
0 0.540625 0.391406 0.018750 0.014063
0 0.540625 0.403906 0.018750 0.014063
0 0.539062 0.425000 0.018750 0.018750
0 0.512500 0.315625 0.015625 0.018750
0 0.514062 0.336719 0.018750 0.017188
0 0.511719 0.353906 0.014063 0.017188
0 0.511719 0.371094 0.014063 0.020313
0 0.511719 0.387500 0.020313 0.021875
0 0.514062 0.404687 0.015625 0.015625
0 0.512500 0.425781 0.018750 0.020313
0 0.105469 0.415625 0.023438 0.018750