0 0.036719 0.957031 0.048438 0.048438
0 0.037500 0.890625 0.046875 0.050000
0 0.039062 0.825000 0.046875 0.046875
0 0.041406 0.757812 0.054688 0.046875
0 0.246875 0.947656 0.050000 0.048438
0 0.188281 0.947656 0.051562 0.048438
0 0.250000 0.885938 0.046875 0.046875
0 0.191406 0.888281 0.051562 0.051562
0 0.252344 0.830469 0.051562 0.048438
0 0.192188 0.828125 0.053125 0.050000
0 0.253125 0.773438 0.050000 0.050000
0 0.191406 0.770312 0.051562 0.053125
0 0.667969 0.620313 0.039062 0.040625
0 0.676562 0.565625 0.050000 0.053125
0 0.675781 0.506250 0.051562 0.056250
0 0.617969 0.618750 0.048438 0.046875
0 0.613281 0.563281 0.051562 0.051562
0 0.612500 0.503906 0.050000 0.054688
0 0.514062 0.632031 0.025000 0.026562
0 0.521094 0.594531 0.039062 0.039062
0 0.522656 0.545312 0.039062 0.040625
0 0.523438 0.496094 0.040625 0.045312
0 0.482812 0.489063 0.028125 0.025000
0 0.471875 0.531250 0.040625 0.040625
0 0.470313 0.576562 0.043750 0.037500
0 0.471875 0.617969 0.043750 0.039062
0 0.378125 0.589844 0.037500 0.035937
0 0.379688 0.547656 0.037500 0.035937
0 0.376563 0.514062 0.028125 0.028125
0 0.376563 0.486719 0.028125 0.029687
0 0.329688 0.586719 0.034375 0.039062
0 0.332813 0.546875 0.040625 0.034375
0 0.336719 0.514844 0.032813 0.032813
0 0.335938 0.485156 0.031250 0.032813
0 0.236719 0.618750 0.029687 0.028125
0 0.237500 0.583594 0.037500 0.029687
0 0.239844 0.552344 0.032813 0.032813
0 0.239844 0.519531 0.035937 0.032813
0 0.235937 0.495312 0.021875 0.021875
0 0.237500 0.476562 0.025000 0.021875
0 0.190625 0.618750 0.034375 0.031250
0 0.192969 0.584375 0.029687 0.031250
0 0.192969 0.555469 0.029687 0.029687
0 0.194531 0.528125 0.029687 0.031250
0 0.190625 0.488281 0.040625 0.039062
0 0.109375 0.532813 0.028125 0.028125
0 0.107031 0.498437 0.029687 0.028125
0 0.060156 0.532031 0.026562 0.026562
0 0.060937 0.498437 0.028125 0.031250
0 0.040625 0.275000 0.050000 0.050000
0 0.039062 0.214844 0.043750 0.048438
0 0.046094 0.164062 0.054688 0.043750
0 0.039844 0.123438 0.032813 0.034375
0 0.682813 0.289062 0.050000 0.046875
0 0.685156 0.233594 0.048438 0.045312
0 0.678125 0.182812 0.037500 0.037500
0 0.678125 0.139063 0.034375 0.034375
0 0.624219 0.286719 0.051562 0.048438
0 0.627344 0.232031 0.048438 0.048438
0 0.635156 0.183594 0.039062 0.035937
0 0.632031 0.138281 0.032813 0.032813
0 0.544531 0.286719 0.051562 0.048438
0 0.544531 0.231250 0.051562 0.050000
0 0.539844 0.182812 0.039062 0.034375
0 0.540625 0.142969 0.037500 0.035937
0 0.485938 0.142187 0.037500 0.034375
0 0.485156 0.182031 0.039062 0.035937
0 0.478125 0.230469 0.050000 0.048438
0 0.477344 0.285938 0.051562 0.046875
0 0.387500 0.143750 0.043750 0.046875
0 0.388281 0.210938 0.045312 0.050000
0 0.385937 0.276562 0.053125 0.050000
0 0.321875 0.141406 0.040625 0.045312
0 0.321094 0.210156 0.045312 0.051562
0 0.318750 0.278125 0.043750 0.046875
0 0.204687 0.273438 0.046875 0.050000
0 0.136719 0.271875 0.048438 0.046875
0 0.205469 0.206250 0.048438 0.050000
0 0.136719 0.206250 0.057813 0.050000
0 0.205469 0.138281 0.045312 0.045312
0 0.136719 0.128906 0.060937 0.051562
0 0.730469 0.004687 0.010937 0.009375
0 0.731250 0.018750 0.012500 0.012500
0 0.730469 0.038281 0.007812 0.010937
0 0.702344 0.078906 0.010937 0.014063
0 0.686719 0.078906 0.010937 0.010937