0 0.628125 0.850781 0.050000 0.054688
0 0.537500 0.932813 0.037500 0.037500
0 0.540625 0.896875 0.037500 0.034375
0 0.536719 0.859375 0.026562 0.034375
0 0.418750 0.767188 0.031250 0.034375
0 0.689063 0.704688 0.025000 0.021875
0 0.658594 0.703906 0.023438 0.023438
0 0.616406 0.702344 0.023438 0.020313
0 0.591406 0.702344 0.023438 0.020313
0 0.567187 0.701562 0.018750 0.021875
0 0.539062 0.700000 0.025000 0.031250
0 0.501563 0.623437 0.028125 0.028125
0 0.230469 0.751563 0.023438 0.025000
0 0.201563 0.751563 0.021875 0.025000
0 0.176563 0.751563 0.021875 0.025000
0 0.146094 0.750000 0.020313 0.025000
0 0.289844 0.608594 0.023438 0.023438
0 0.289844 0.583594 0.020313 0.023438
0 0.288281 0.556250 0.017188 0.018750
0 0.248438 0.606250 0.025000 0.025000
0 0.251563 0.582031 0.015625 0.017188
0 0.252344 0.556250 0.017188 0.018750
0 0.196875 0.607031 0.025000 0.023438
0 0.198437 0.580469 0.025000 0.023438
0 0.198437 0.552344 0.028125 0.026562
0 0.156250 0.607812 0.021875 0.021875
0 0.158594 0.578906 0.023438 0.026562
0 0.158594 0.550781 0.029687 0.026562
0 0.100781 0.596875 0.035937 0.031250
0 0.101562 0.556250 0.034375 0.034375
0 0.021094 0.605469 0.042188 0.039062
0 0.018750 0.554688 0.034375 0.034375
0 0.166406 0.059375 0.017188 0.018750
0 0.167187 0.035937 0.021875 0.021875
0 0.124219 0.048438 0.039062 0.034375
0 0.080469 0.047656 0.035937 0.039062
0 0.033594 0.200000 0.023438 0.021875
0 0.036719 0.178906 0.017188 0.017188
0 0.014063 0.200781 0.015625 0.017188
0 0.011719 0.178906 0.017188 0.017188
0 0.039844 0.249219 0.010937 0.010937
0 0.014063 0.258594 0.009375 0.014063
0 0.004687 0.250000 0.009375 0.015625
0 0.032813 0.262500 0.012500 0.012500