0 0.285938 0.375781 0.021875 0.026562
0 0.257812 0.400000 0.021875 0.028125
0 0.245312 0.337500 0.018750 0.018750
0 0.248438 0.317188 0.018750 0.021875
0 0.227344 0.335156 0.017188 0.020313
0 0.228125 0.314844 0.018750 0.023438
0 0.228125 0.267969 0.015625 0.017188
0 0.226562 0.252344 0.015625 0.014063
0 0.208594 0.267969 0.017188 0.014063
0 0.209375 0.250000 0.015625 0.018750
0 0.191406 0.267188 0.014063 0.015625
0 0.192188 0.249219 0.015625 0.017188
0 0.175000 0.269531 0.015625 0.017188
0 0.175000 0.250000 0.015625 0.018750
0 0.137500 0.247656 0.015625 0.020313
0 0.138281 0.267188 0.017188 0.018750
0 0.120313 0.267969 0.015625 0.017188
0 0.119531 0.249219 0.017188 0.020313
0 0.003125 0.183594 0.006250 0.020313
0 0.003906 0.010937 0.007812 0.015625
0 0.227344 0.096094 0.020313 0.017188
0 0.228125 0.078906 0.018750 0.017188
0 0.230469 0.060156 0.020313 0.020313
0 0.228906 0.040625 0.017188 0.018750
0 0.232813 0.021875 0.021875 0.018750
0 0.232031 0.005469 0.023438 0.010937
0 0.207031 0.098437 0.017188 0.018750
0 0.207031 0.078906 0.020313 0.020313
0 0.207813 0.059375 0.018750 0.021875
0 0.206250 0.039844 0.021875 0.020313
0 0.207813 0.019531 0.021875 0.020313
0 0.207813 0.004687 0.021875 0.009375
0 0.346094 0.920312 0.023438 0.021875
0 0.348438 0.889844 0.028125 0.023438
0 0.310937 0.920312 0.025000 0.025000
0 0.312500 0.888281 0.028125 0.029687
0 0.713281 0.976562 0.089063 0.046875
0 0.596875 0.975781 0.093750 0.048438
0 0.705469 0.891406 0.089063 0.092188
0 0.589063 0.889844 0.093750 0.092188
0 0.936719 0.957031 0.048438 0.048438
0 0.937500 0.890625 0.046875 0.050000
0 0.871875 0.889844 0.056250 0.054688
0 0.939063 0.825000 0.046875 0.046875
0 0.875000 0.825000 0.053125 0.050000
0 0.941406 0.757812 0.054688 0.046875
0 0.875781 0.757812 0.051562 0.050000
0 0.960156 0.532031 0.026562 0.026562
0 0.960938 0.498437 0.028125 0.031250
0 0.858594 0.614844 0.035937 0.029687
0 0.861719 0.570312 0.042188 0.046875
0 0.865625 0.520312 0.043750 0.043750
0 0.756250 0.598437 0.018750 0.021875
0 0.758594 0.576562 0.023438 0.021875
0 0.758594 0.557031 0.020313 0.023438
0 0.760938 0.539062 0.021875 0.018750
0 0.759375 0.521094 0.018750 0.017188
0 0.760938 0.500781 0.021875 0.023438
0 0.759375 0.483594 0.018750 0.026562
0 0.731250 0.595313 0.018750 0.021875
0 0.732031 0.576562 0.020313 0.021875
0 0.732031 0.558594 0.020313 0.023438
0 0.730469 0.539062 0.017188 0.018750
0 0.731250 0.521094 0.021875 0.023438
0 0.730469 0.501563 0.020313 0.021875
0 0.732031 0.478125 0.020313 0.018750
0 0.683594 0.557031 0.010937 0.020313
0 0.685156 0.538281 0.014063 0.020313
0 0.685156 0.518750 0.014063 0.015625
0 0.685937 0.500000 0.015625 0.018750
0 0.687500 0.482812 0.018750 0.021875
0 0.656250 0.571875 0.015625 0.021875
0 0.654687 0.552344 0.015625 0.020313
0 0.656250 0.532813 0.015625 0.021875
0 0.654687 0.515625 0.015625 0.018750
0 0.653906 0.500000 0.014063 0.015625
0 0.656250 0.482812 0.018750 0.018750
0 0.717187 0.264844 0.090625 0.085938
0 0.600781 0.260937 0.089063 0.087500
0 0.717969 0.146875 0.092188 0.090625
0 0.599219 0.144531 0.092188 0.092188
0 0.940625 0.275000 0.050000 0.050000
0 0.877344 0.275000 0.048438 0.046875
0 0.939063 0.214844 0.043750 0.048438
0 0.874219 0.214062 0.045312 0.046875
0 0.946094 0.164062 0.054688 0.043750
0 0.885156 0.165625 0.039062 0.034375
0 0.939844 0.123438 0.032813 0.034375
0 0.885938 0.123438 0.046875 0.034375
0 0.878125 0.025000 0.021875 0.025000
0 0.834375 0.025781 0.062500 0.051562
0 0.762500 0.025781 0.068750 0.051562