0 0.708594 0.124219 0.026562 0.026562
0 0.705469 0.149219 0.017188 0.017188
0 0.712500 0.168750 0.015625 0.015625
0 0.797656 0.216406 0.023438 0.023438
0 0.775000 0.211719 0.021875 0.023438
0 0.750781 0.207031 0.020313 0.026562
0 0.725000 0.197656 0.021875 0.023438
0 0.875000 0.326562 0.021875 0.021875
0 0.867188 0.347656 0.021875 0.023438
0 0.847656 0.350781 0.014063 0.017188
0 0.427344 0.341406 0.010937 0.014063
0 0.410938 0.336719 0.015625 0.014063
0 0.359375 0.425000 0.021875 0.025000
0 0.366406 0.398438 0.014063 0.015625
0 0.372656 0.379688 0.014063 0.015625