0 0.003906 0.910937 0.007812 0.015625
0 0.227344 0.993750 0.020313 0.012500
0 0.228125 0.978906 0.018750 0.017188
0 0.230469 0.960156 0.020313 0.020313
0 0.228906 0.940625 0.017188 0.018750
0 0.232813 0.921875 0.021875 0.018750
0 0.232031 0.899219 0.023438 0.023438
0 0.207031 0.994531 0.017188 0.010937
0 0.207031 0.978906 0.020313 0.020313
0 0.207813 0.959375 0.018750 0.021875
0 0.206250 0.939844 0.021875 0.020313
0 0.207813 0.919531 0.021875 0.020313
0 0.207813 0.898438 0.021875 0.021875
0 0.878125 0.925000 0.021875 0.025000
0 0.834375 0.919531 0.062500 0.064062
0 0.762500 0.918750 0.068750 0.065625