0 0.991406 0.596875 0.017188 0.031250
0 0.992188 0.556250 0.015625 0.034375
0 0.921094 0.605469 0.042188 0.039062
0 0.918750 0.554688 0.034375 0.034375
0 0.880469 0.557813 0.032813 0.034375
0 0.980469 0.047656 0.035937 0.039062
0 0.933594 0.200000 0.023438 0.021875
0 0.936719 0.178906 0.017188 0.017188
0 0.914062 0.200781 0.015625 0.017188
0 0.911719 0.178906 0.017188 0.017188
0 0.890625 0.199219 0.015625 0.017188
0 0.873437 0.199219 0.015625 0.017188
0 0.885938 0.178906 0.015625 0.017188
0 0.853906 0.194531 0.014063 0.014063
0 0.854688 0.175781 0.012500 0.014063
0 0.836719 0.173437 0.014063 0.015625
0 0.834375 0.192188 0.012500 0.018750
0 0.729688 0.870313 0.012500 0.015625
0 0.729688 0.885938 0.012500 0.015625
0 0.730469 0.902344 0.010937 0.014063
0 0.731250 0.918750 0.012500 0.012500
0 0.730469 0.938281 0.007812 0.010937
0 0.702344 0.978906 0.010937 0.014063
0 0.686719 0.978906 0.010937 0.010937
0 0.487500 0.032813 0.018750 0.021875
0 0.467969 0.032813 0.020313 0.021875
0 0.487500 0.053125 0.015625 0.015625
0 0.838281 0.253125 0.010937 0.015625
0 0.857812 0.253125 0.015625 0.018750
0 0.874219 0.257812 0.010937 0.012500
0 0.885156 0.245312 0.014063 0.012500
0 0.896094 0.257812 0.007812 0.012500
0 0.939844 0.249219 0.010937 0.010937
0 0.914062 0.258594 0.009375 0.014063
0 0.904687 0.250000 0.009375 0.015625
0 0.932813 0.262500 0.012500 0.012500