0 0.166406 0.959375 0.017188 0.018750
0 0.167187 0.935937 0.021875 0.021875
0 0.189062 0.883594 0.009375 0.010937
0 0.176563 0.882031 0.009375 0.010937
0 0.124219 0.948438 0.039062 0.034375
0 0.080469 0.947656 0.035937 0.039062
0 0.118750 0.887500 0.031250 0.031250
0 0.080469 0.888281 0.026562 0.029687
0 0.460938 0.315625 0.021875 0.025000
0 0.457813 0.342187 0.025000 0.025000
0 0.439844 0.313281 0.017188 0.017188
0 0.438281 0.341406 0.010937 0.014063
0 0.378906 0.310937 0.023438 0.021875
0 0.259375 0.710156 0.018750 0.020313
0 0.281250 0.680469 0.012500 0.014063
0 0.266406 0.679688 0.014063 0.015625
0 0.252344 0.675781 0.010937 0.010937