0 0.346094 0.020313 0.023438 0.021875
0 0.310937 0.020313 0.025000 0.025000
0 0.339844 0.121875 0.017188 0.021875
0 0.320312 0.120313 0.021875 0.021875
0 0.219531 0.236719 0.020313 0.017188
0 0.220312 0.253906 0.021875 0.017188
0 0.223438 0.275781 0.025000 0.026562
0 0.220312 0.305469 0.025000 0.026562
0 0.181250 0.238281 0.018750 0.020313
0 0.178906 0.254688 0.017188 0.018750
0 0.179688 0.270313 0.018750 0.018750
0 0.180469 0.287500 0.020313 0.018750
0 0.181250 0.304688 0.018750 0.018750
0 0.181250 0.321875 0.018750 0.015625
0 0.152344 0.235937 0.017188 0.018750
0 0.152344 0.253906 0.017188 0.020313
0 0.150000 0.270313 0.018750 0.018750
0 0.150000 0.285156 0.015625 0.020313
0 0.149219 0.300781 0.020313 0.020313
0 0.150000 0.322656 0.018750 0.020313
0 0.723437 0.237500 0.090625 0.090625
0 0.609375 0.237500 0.096875 0.096875
0 0.713281 0.098437 0.089063 0.090625
0 0.596875 0.096875 0.093750 0.090625
0 0.705469 0.018750 0.089063 0.037500
0 0.871094 0.157031 0.035937 0.035937
0 0.871875 0.116406 0.040625 0.032813
0 0.936719 0.057031 0.048438 0.048438