0 0.615625 0.127344 0.021875 0.026562
0 0.615625 0.093750 0.021875 0.025000
0 0.618750 0.067969 0.025000 0.020313
0 0.618750 0.048438 0.021875 0.021875
0 0.619531 0.023438 0.023438 0.021875
0 0.579688 0.126562 0.025000 0.025000
0 0.579688 0.095312 0.025000 0.028125
0 0.582031 0.065625 0.020313 0.025000
0 0.581250 0.045312 0.018750 0.021875
0 0.582812 0.022656 0.021875 0.026562
0 0.540625 0.016406 0.015625 0.017188
0 0.540625 0.035937 0.015625 0.021875
0 0.539844 0.055469 0.017188 0.020313
0 0.540625 0.074219 0.015625 0.017188
0 0.540625 0.091406 0.018750 0.014063
0 0.540625 0.103906 0.018750 0.014063
0 0.539062 0.125000 0.018750 0.018750
0 0.512500 0.015625 0.015625 0.018750
0 0.514062 0.036719 0.018750 0.017188
0 0.511719 0.053906 0.014063 0.017188
0 0.511719 0.071094 0.014063 0.020313
0 0.511719 0.087500 0.020313 0.021875
0 0.514062 0.104688 0.015625 0.015625
0 0.512500 0.125781 0.018750 0.020313
0 0.105469 0.115625 0.023438 0.018750