0 0.543750 0.134375 0.118750 0.109375
0 0.395313 0.039062 0.109375 0.078125
0 0.339844 0.182031 0.107813 0.107813
0 0.476562 0.303125 0.109375 0.109375
0 0.621875 0.364063 0.115625 0.112500
0 0.333594 0.378906 0.110937 0.107813
0 0.481250 0.452344 0.109375 0.104688
0 0.626563 0.514062 0.103125 0.106250
0 0.342187 0.533594 0.106250 0.104688
0 0.342187 0.714063 0.106250 0.106250
0 0.478125 0.708594 0.109375 0.104688
0 0.628906 0.706250 0.110937 0.103125
0 0.631250 0.857031 0.106250 0.107813
0 0.479687 0.858594 0.106250 0.098437
0 0.342969 0.864844 0.107813 0.104688