0 0.014063 0.371875 0.015625 0.015625
0 0.030469 0.372656 0.014063 0.014063
0 0.050781 0.372656 0.017188 0.017188
0 0.072656 0.373437 0.017188 0.015625
0 0.071875 0.397656 0.018750 0.017188
0 0.050000 0.397656 0.018750 0.017188
0 0.030469 0.396875 0.014063 0.015625
0 0.012500 0.396875 0.015625 0.015625
0 0.030469 0.453906 0.010937 0.010937
0 0.047656 0.454688 0.010937 0.012500
0 0.064062 0.454688 0.009375 0.009375
0 0.078125 0.453125 0.012500 0.012500
0 0.079687 0.478906 0.012500 0.014063
0 0.049219 0.478125 0.014063 0.015625
0 0.030469 0.477344 0.014063 0.014063
0 0.010156 0.478125 0.017188 0.015625
0 0.171094 0.371094 0.023438 0.020313
0 0.192969 0.371875 0.020313 0.018750
0 0.215625 0.369531 0.018750 0.020313
0 0.235156 0.367969 0.020313 0.020313
0 0.257031 0.368750 0.020313 0.021875
0 0.248438 0.392188 0.021875 0.021875
0 0.222656 0.390625 0.020313 0.018750
0 0.192969 0.391406 0.017188 0.014063
0 0.171094 0.393750 0.017188 0.018750
0 0.389844 0.294531 0.017188 0.017188
0 0.411719 0.317969 0.023438 0.020313
0 0.445312 0.385937 0.031250 0.031250
0 0.367969 0.704688 0.051562 0.046875
0 0.435156 0.703125 0.057813 0.053125
0 0.363281 0.825000 0.026562 0.021875
0 0.596875 0.589844 0.090625 0.089063
0 0.674219 0.651563 0.089063 0.084375
0 0.749219 0.714063 0.092188 0.090625
0 0.575781 0.659375 0.029687 0.028125
0 0.608594 0.729688 0.092188 0.084375
0 0.687500 0.791406 0.090625 0.085938
0 0.595313 0.825000 0.056250 0.053125
0 0.646875 0.866406 0.056250 0.054688
0 0.385156 0.811719 0.017188 0.020313
0 0.417969 0.814844 0.032813 0.029687
0 0.459375 0.814063 0.037500 0.031250
0 0.459375 0.855469 0.034375 0.032813
0 0.417969 0.855469 0.032813 0.032813
0 0.380469 0.854688 0.032813 0.031250
0 0.950000 0.851562 0.034375 0.031250
0 0.979688 0.872656 0.031250 0.029687
0 0.839844 0.863281 0.092188 0.085938
0 0.918750 0.925781 0.090625 0.082812
0 0.853906 0.981250 0.085938 0.037500
0 0.777344 0.939063 0.089063 0.084375
0 0.278125 0.696875 0.018750 0.015625
0 0.274219 0.675781 0.023438 0.023438
0 0.275000 0.651563 0.018750 0.018750
0 0.276562 0.627344 0.018750 0.017188
0 0.344531 0.350000 0.023438 0.021875
0 0.364063 0.368750 0.015625 0.015625
0 0.359375 0.939844 0.018750 0.014063
0 0.381250 0.940625 0.018750 0.012500
0 0.401562 0.938281 0.018750 0.017188
0 0.358594 0.964063 0.020313 0.018750
0 0.379688 0.964063 0.021875 0.018750
0 0.401562 0.962500 0.018750 0.018750
0 0.421094 0.961719 0.020313 0.020313
0 0.442969 0.961719 0.017188 0.020313