0 0.980469 0.018750 0.039062 0.037500
0 0.981250 0.071875 0.037500 0.040625
0 0.981250 0.126562 0.037500 0.040625
0 0.980469 0.182812 0.039062 0.043750
0 0.929688 0.219531 0.046875 0.042188
0 0.930469 0.274219 0.045312 0.042188
0 0.874219 0.218750 0.045312 0.040625
0 0.875000 0.275781 0.046875 0.042188
0 0.989062 0.265625 0.021875 0.025000
0 0.641406 0.833594 0.023438 0.026562
0 0.642969 0.861719 0.023438 0.023438
0 0.588281 0.929688 0.014063 0.012500
0 0.588281 0.943750 0.014063 0.012500
0 0.586719 0.957812 0.014063 0.015625
0 0.946875 0.989062 0.015625 0.015625
0 0.946875 0.969531 0.012500 0.014063
0 0.947656 0.948438 0.014063 0.012500
0 0.945312 0.925781 0.015625 0.014063
0 0.946094 0.905469 0.014063 0.014063
0 0.944531 0.882812 0.014063 0.012500
0 0.667969 0.864062 0.017188 0.018750
0 0.739062 0.720313 0.034375 0.031250
0 0.775781 0.720313 0.035937 0.031250
0 0.809375 0.720313 0.031250 0.031250
0 0.840625 0.720313 0.031250 0.031250
0 0.739062 0.753906 0.034375 0.035937
0 0.775781 0.753906 0.035937 0.035937
0 0.809375 0.753906 0.031250 0.035937
0 0.840625 0.753906 0.031250 0.035937
0 0.775000 0.814063 0.031250 0.025000
0 0.802344 0.814063 0.023438 0.025000
0 0.826562 0.814063 0.025000 0.025000
0 0.851562 0.814063 0.025000 0.025000
0 0.877344 0.814063 0.026562 0.025000
0 0.769531 0.859375 0.026562 0.025000
0 0.796875 0.859375 0.028125 0.025000
0 0.821875 0.859375 0.021875 0.025000
0 0.846094 0.859375 0.026562 0.025000
0 0.874219 0.859375 0.029687 0.025000
0 0.988281 0.310156 0.010937 0.014063
0 0.990625 0.342187 0.015625 0.015625