0 0.011719 0.367969 0.023438 0.026562
0 0.074219 0.403906 0.029687 0.029687
0 0.012500 0.404687 0.025000 0.028125
0 0.014844 0.439844 0.029687 0.032813
0 0.014063 0.480469 0.028125 0.035937
0 0.071094 0.439063 0.035937 0.031250
0 0.071094 0.479687 0.042188 0.037500
0 0.154688 0.350781 0.025000 0.023438
0 0.197656 0.150000 0.085938 0.084375
0 0.207813 0.442969 0.078125 0.073438
0 0.307812 0.440625 0.075000 0.071875
0 0.391406 0.440625 0.045312 0.043750
0 0.242188 0.567969 0.034375 0.032813
0 0.242188 0.621875 0.025000 0.028125
0 0.182812 0.622656 0.028125 0.026562
0 0.243750 0.692969 0.046875 0.042188
0 0.186719 0.751563 0.045312 0.043750
0 0.246094 0.809375 0.039062 0.034375
0 0.351562 0.717969 0.043750 0.042188
0 0.351562 0.660156 0.046875 0.045312
0 0.349219 0.572656 0.048438 0.048438
0 0.409375 0.572656 0.046875 0.048438
0 0.018750 0.547656 0.031250 0.029687
0 0.068750 0.578125 0.028125 0.028125
0 0.066406 0.613281 0.032813 0.026562
0 0.067969 0.644531 0.026562 0.026562
0 0.069531 0.675781 0.029687 0.026562
0 0.067969 0.710156 0.032813 0.029687
0 0.019531 0.592187 0.039062 0.037500
0 0.021875 0.642969 0.043750 0.042188
0 0.021875 0.696875 0.043750 0.040625
0 0.021875 0.757031 0.021875 0.023438
0 0.045312 0.755469 0.025000 0.023438
0 0.599219 0.647656 0.089063 0.089063
0 0.717969 0.645312 0.092188 0.090625
0 0.721875 0.780469 0.090625 0.089063
0 0.601562 0.782813 0.090625 0.087500
0 0.914844 0.800000 0.045312 0.043750
0 0.971875 0.798438 0.046875 0.040625
0 0.980469 0.861719 0.039062 0.042188
0 0.980469 0.917188 0.039062 0.040625
0 0.981250 0.971875 0.037500 0.040625