0 0.271875 0.073438 0.018750 0.018750
0 0.292969 0.072656 0.020313 0.020313
0 0.314063 0.071875 0.015625 0.015625
0 0.330469 0.072656 0.014063 0.014063
0 0.350781 0.072656 0.017188 0.017188
0 0.372656 0.073438 0.017188 0.015625
0 0.371875 0.097656 0.018750 0.017188
0 0.350000 0.097656 0.018750 0.017188
0 0.330469 0.096875 0.014063 0.015625
0 0.312500 0.096875 0.015625 0.015625
0 0.291406 0.097656 0.014063 0.014063
0 0.270313 0.098437 0.015625 0.015625
0 0.271875 0.155469 0.021875 0.020313
0 0.291406 0.154688 0.017188 0.015625
0 0.330469 0.153906 0.010937 0.010937
0 0.347656 0.154688 0.010937 0.012500
0 0.364063 0.154688 0.009375 0.009375
0 0.378125 0.153125 0.012500 0.012500
0 0.379688 0.178906 0.012500 0.014063
0 0.349219 0.178125 0.014063 0.015625
0 0.330469 0.177344 0.014063 0.014063
0 0.310156 0.178125 0.017188 0.015625
0 0.292187 0.179688 0.015625 0.015625
0 0.272656 0.179688 0.014063 0.015625
0 0.471094 0.071094 0.023438 0.020313
0 0.492969 0.071875 0.020313 0.018750
0 0.515625 0.069531 0.018750 0.020313
0 0.535156 0.067969 0.020313 0.020313
0 0.557031 0.068750 0.020313 0.021875
0 0.548438 0.092188 0.021875 0.021875
0 0.522656 0.090625 0.020313 0.018750
0 0.492969 0.091406 0.017188 0.014063
0 0.471094 0.093750 0.017188 0.018750
0 0.711719 0.017969 0.023438 0.020313
0 0.745313 0.085938 0.031250 0.031250
0 0.130469 0.782031 0.026562 0.023438
0 0.128906 0.810937 0.023438 0.021875
0 0.667969 0.404687 0.051562 0.046875
0 0.735156 0.403125 0.057813 0.053125
0 0.663281 0.525000 0.026562 0.021875
0 0.896875 0.289844 0.090625 0.089063
0 0.964844 0.351562 0.070312 0.084375
0 0.875781 0.359375 0.029687 0.028125
0 0.908594 0.429688 0.092188 0.084375
0 0.971094 0.491406 0.057813 0.085938
0 0.895312 0.525000 0.056250 0.053125
0 0.946875 0.566406 0.056250 0.054688
0 0.685156 0.511719 0.017188 0.020313
0 0.717969 0.514844 0.032813 0.029687
0 0.759375 0.514062 0.037500 0.031250
0 0.759375 0.555469 0.034375 0.032813
0 0.717969 0.555469 0.032813 0.032813
0 0.680469 0.554688 0.032813 0.031250
0 0.897656 0.736719 0.057813 0.048438
0 0.899219 0.796094 0.057813 0.051562
0 0.760156 0.724219 0.029687 0.029687
0 0.725781 0.724219 0.029687 0.029687
0 0.696875 0.742969 0.021875 0.020313
0 0.726562 0.760938 0.028125 0.031250
0 0.856250 0.914062 0.025000 0.021875
0 0.578125 0.396875 0.018750 0.015625
0 0.574219 0.375781 0.023438 0.023438
0 0.575000 0.351562 0.018750 0.018750
0 0.576562 0.327344 0.018750 0.017188
0 0.046875 0.689063 0.015625 0.015625
0 0.046875 0.669531 0.012500 0.014063
0 0.047656 0.648438 0.014063 0.012500
0 0.045312 0.625781 0.015625 0.014063
0 0.046094 0.605469 0.014063 0.014063
0 0.044531 0.582812 0.014063 0.012500
0 0.154688 0.255469 0.012500 0.014063
0 0.644531 0.050000 0.023438 0.021875
0 0.664062 0.068750 0.015625 0.015625
0 0.659375 0.639844 0.018750 0.014063
0 0.681250 0.640625 0.018750 0.012500
0 0.701562 0.638281 0.018750 0.017188
0 0.658594 0.664062 0.020313 0.018750
0 0.679688 0.664062 0.021875 0.018750
0 0.701562 0.662500 0.018750 0.018750
0 0.721094 0.661719 0.020313 0.020313
0 0.742969 0.661719 0.017188 0.020313
0 0.088281 0.010156 0.010937 0.014063
0 0.103906 0.010937 0.017188 0.012500
0 0.090625 0.042188 0.015625 0.015625
0 0.108594 0.041406 0.017188 0.014063