0 0.084375 0.250000 0.046875 0.040625
0 0.183594 0.345313 0.064062 0.062500
0 0.085938 0.346094 0.046875 0.045312
0 0.192969 0.429688 0.039062 0.037500
0 0.139063 0.429688 0.040625 0.037500
0 0.067187 0.431250 0.034375 0.031250
0 0.068750 0.482812 0.034375 0.034375
0 0.140625 0.480469 0.046875 0.042188
0 0.196094 0.480469 0.048438 0.045312
0 0.148438 0.607031 0.078125 0.073438
0 0.150000 0.710156 0.078125 0.073438
0 0.151562 0.815625 0.078125 0.075000
0 0.838281 0.653125 0.014063 0.012500
0 0.838281 0.672656 0.014063 0.014063
0 0.772656 0.674219 0.020313 0.020313
0 0.775000 0.703906 0.021875 0.023438
0 0.802344 0.714844 0.029687 0.029687
0 0.549219 0.310937 0.026562 0.025000
0 0.595313 0.349219 0.037500 0.032813
0 0.547656 0.347656 0.017188 0.017188
0 0.594531 0.392188 0.035937 0.034375
0 0.550781 0.392188 0.035937 0.031250
0 0.552344 0.436719 0.023438 0.023438
0 0.596094 0.437500 0.039062 0.037500
0 0.624219 0.482031 0.017188 0.017188
0 0.700781 0.400781 0.051562 0.045312
0 0.702344 0.461719 0.048438 0.045312
0 0.760938 0.399219 0.050000 0.048438
0 0.761719 0.459375 0.051562 0.043750
0 0.835938 0.366406 0.018750 0.020313
0 0.834375 0.391406 0.018750 0.020313
0 0.859375 0.364063 0.018750 0.018750
0 0.859375 0.391406 0.018750 0.020313
0 0.882031 0.391406 0.023438 0.023438
0 0.910156 0.367969 0.026562 0.026562
0 0.974219 0.403906 0.029687 0.029687
0 0.910937 0.404687 0.028125 0.028125
0 0.910156 0.439844 0.039062 0.032813
0 0.908594 0.480469 0.039062 0.035937
0 0.971094 0.439063 0.035937 0.031250
0 0.971094 0.479687 0.042188 0.037500
0 0.918750 0.547656 0.031250 0.029687
0 0.968750 0.578125 0.028125 0.028125
0 0.966406 0.613281 0.032813 0.026562
0 0.967969 0.644531 0.026562 0.026562
0 0.969531 0.675781 0.029687 0.026562
0 0.967969 0.710156 0.032813 0.029687
0 0.917188 0.592187 0.043750 0.037500
0 0.919531 0.642969 0.048438 0.042188
0 0.921094 0.696875 0.045312 0.040625
0 0.874219 0.644531 0.026562 0.026562
0 0.875781 0.675781 0.023438 0.023438
0 0.872656 0.710156 0.035937 0.032813
0 0.839063 0.692187 0.018750 0.018750
0 0.921875 0.757031 0.021875 0.023438
0 0.945312 0.755469 0.025000 0.023438
0 0.441406 0.319531 0.035937 0.032813
0 0.341406 0.119531 0.039062 0.035937
0 0.335938 0.172656 0.050000 0.045312
0 0.400781 0.320312 0.035937 0.034375
0 0.443750 0.377344 0.037500 0.032813
0 0.402344 0.378125 0.035937 0.034375
0 0.455469 0.472656 0.048438 0.045312
0 0.403906 0.473438 0.048438 0.043750
0 0.240625 0.964063 0.021875 0.021875
0 0.239063 0.924219 0.021875 0.023438
0 0.202344 0.925000 0.017188 0.015625
0 0.203125 0.964844 0.018750 0.017188
0 0.163281 0.965625 0.020313 0.018750
0 0.127344 0.955469 0.017188 0.017188
0 0.162500 0.926562 0.018750 0.018750
0 0.712500 0.660156 0.009375 0.010937
0 0.723437 0.660156 0.009375 0.010937
0 0.733594 0.660156 0.007812 0.007812
0 0.712500 0.671875 0.009375 0.009375
0 0.722656 0.671094 0.010937 0.010937
0 0.733594 0.675000 0.007812 0.006250
0 0.733594 0.668750 0.007812 0.006250
0 0.364844 0.545312 0.010937 0.012500
0 0.676562 0.541406 0.015625 0.014063
0 0.326562 0.250781 0.018750 0.017188