0 0.358594 0.219531 0.114062 0.110937
0 0.289844 0.360156 0.117188 0.107813
0 0.361719 0.522656 0.114062 0.117188
0 0.514844 0.189844 0.073438 0.070312
0 0.610938 0.188281 0.075000 0.070312
0 0.516406 0.273438 0.076563 0.075000
0 0.609375 0.272656 0.075000 0.070312
0 0.566406 0.385156 0.064062 0.060937
0 0.498437 0.419531 0.065625 0.060937
0 0.635156 0.416406 0.067187 0.057813
0 0.757031 0.185938 0.073438 0.071875
0 0.848437 0.184375 0.075000 0.068750
0 0.757812 0.270313 0.075000 0.075000
0 0.846875 0.267969 0.078125 0.073438
0 0.757031 0.397656 0.079687 0.076563
0 0.855469 0.396094 0.082812 0.079687
0 0.980469 0.250000 0.039062 0.040625
0 0.981250 0.346094 0.037500 0.045312
0 0.967187 0.431250 0.034375 0.031250
0 0.968750 0.482812 0.034375 0.034375
0 0.534375 0.562500 0.100000 0.096875
0 0.614062 0.659375 0.100000 0.100000
0 0.739062 0.527344 0.050000 0.045312
0 0.829688 0.525781 0.050000 0.045312
0 0.785937 0.575000 0.050000 0.046875
0 0.835156 0.683594 0.089063 0.085938
0 0.839063 0.801562 0.087500 0.084375