0 0.729688 0.770312 0.025000 0.021875
0 0.641406 0.533594 0.023438 0.026562
0 0.642969 0.561719 0.023438 0.023438
0 0.714063 0.947656 0.018750 0.017188
0 0.700000 0.958594 0.018750 0.017188
0 0.730469 0.737500 0.010937 0.012500
0 0.730469 0.752344 0.017188 0.014063
0 0.588281 0.629687 0.014063 0.012500
0 0.588281 0.643750 0.014063 0.012500
0 0.586719 0.657813 0.014063 0.015625
0 0.946875 0.689063 0.015625 0.015625
0 0.946875 0.669531 0.012500 0.014063
0 0.947656 0.648438 0.014063 0.012500
0 0.945312 0.625781 0.015625 0.014063
0 0.946094 0.605469 0.014063 0.014063
0 0.944531 0.582812 0.014063 0.012500
0 0.667969 0.564063 0.017188 0.018750
0 0.739062 0.420312 0.034375 0.031250
0 0.775781 0.420312 0.035937 0.031250
0 0.809375 0.420312 0.031250 0.031250
0 0.840625 0.420312 0.031250 0.031250
0 0.739062 0.453906 0.034375 0.035937
0 0.775781 0.453906 0.035937 0.035937
0 0.809375 0.453906 0.031250 0.035937
0 0.840625 0.453906 0.031250 0.035937
0 0.775000 0.514062 0.031250 0.025000
0 0.802344 0.514062 0.023438 0.025000
0 0.826562 0.514062 0.025000 0.025000
0 0.851562 0.514062 0.025000 0.025000
0 0.877344 0.514062 0.026562 0.025000
0 0.769531 0.559375 0.026562 0.025000
0 0.796875 0.559375 0.028125 0.025000
0 0.821875 0.559375 0.021875 0.025000
0 0.846094 0.559375 0.026562 0.025000
0 0.874219 0.559375 0.029687 0.025000
0 0.988281 0.010156 0.010937 0.014063
0 0.990625 0.042188 0.015625 0.015625