0 0.158594 0.037500 0.045312 0.043750
0 0.085156 0.018750 0.048438 0.037500
0 0.085156 0.071875 0.045312 0.040625
0 0.085156 0.126562 0.045312 0.040625
0 0.084375 0.182812 0.046875 0.043750
0 0.029687 0.219531 0.046875 0.042188
0 0.030469 0.274219 0.045312 0.042188
0 0.091406 0.265625 0.026562 0.025000
0 0.271875 0.373437 0.018750 0.018750
0 0.292969 0.372656 0.020313 0.020313
0 0.314063 0.371875 0.015625 0.015625
0 0.330469 0.372656 0.014063 0.014063
0 0.350781 0.372656 0.017188 0.017188
0 0.372656 0.373437 0.017188 0.015625
0 0.371875 0.397656 0.018750 0.017188
0 0.350000 0.397656 0.018750 0.017188
0 0.330469 0.396875 0.014063 0.015625
0 0.312500 0.396875 0.015625 0.015625
0 0.291406 0.397656 0.014063 0.014063
0 0.270313 0.398438 0.015625 0.015625
0 0.271875 0.455469 0.021875 0.020313
0 0.291406 0.454688 0.017188 0.015625
0 0.330469 0.453906 0.010937 0.010937
0 0.347656 0.454688 0.010937 0.012500
0 0.364063 0.454688 0.009375 0.009375
0 0.378125 0.453125 0.012500 0.012500
0 0.379688 0.478906 0.012500 0.014063
0 0.349219 0.478125 0.014063 0.015625
0 0.330469 0.477344 0.014063 0.014063
0 0.310156 0.478125 0.017188 0.015625
0 0.292187 0.479687 0.015625 0.015625
0 0.272656 0.479687 0.014063 0.015625
0 0.471094 0.371094 0.023438 0.020313
0 0.492969 0.371875 0.020313 0.018750
0 0.515625 0.369531 0.018750 0.020313
0 0.535156 0.367969 0.020313 0.020313
0 0.557031 0.368750 0.020313 0.021875
0 0.548438 0.392188 0.021875 0.021875
0 0.522656 0.390625 0.020313 0.018750
0 0.492969 0.391406 0.017188 0.014063
0 0.471094 0.393750 0.017188 0.018750
0 0.689844 0.294531 0.017188 0.017188
0 0.711719 0.317969 0.023438 0.020313
0 0.745313 0.385937 0.031250 0.031250
0 0.667969 0.704688 0.051562 0.046875
0 0.735156 0.703125 0.057813 0.053125
0 0.663281 0.825000 0.026562 0.021875
0 0.896875 0.589844 0.090625 0.089063
0 0.964844 0.651563 0.070312 0.084375
0 0.875781 0.659375 0.029687 0.028125
0 0.908594 0.729688 0.092188 0.084375
0 0.971094 0.791406 0.057813 0.085938
0 0.895312 0.825000 0.056250 0.053125
0 0.946875 0.866406 0.056250 0.054688
0 0.685156 0.811719 0.017188 0.020313
0 0.717969 0.814844 0.032813 0.029687
0 0.759375 0.814063 0.037500 0.031250
0 0.759375 0.855469 0.034375 0.032813
0 0.717969 0.855469 0.032813 0.032813
0 0.680469 0.854688 0.032813 0.031250
0 0.578125 0.696875 0.018750 0.015625
0 0.574219 0.675781 0.023438 0.023438
0 0.575000 0.651563 0.018750 0.018750
0 0.576562 0.627344 0.018750 0.017188
0 0.046875 0.989062 0.015625 0.015625
0 0.046875 0.969531 0.012500 0.014063
0 0.047656 0.948438 0.014063 0.012500
0 0.045312 0.925781 0.015625 0.014063
0 0.046094 0.905469 0.014063 0.014063
0 0.044531 0.882812 0.014063 0.012500
0 0.154688 0.555469 0.012500 0.014063
0 0.644531 0.350000 0.023438 0.021875
0 0.664062 0.368750 0.015625 0.015625
0 0.659375 0.939844 0.018750 0.014063
0 0.681250 0.940625 0.018750 0.012500
0 0.701562 0.938281 0.018750 0.017188
0 0.658594 0.964063 0.020313 0.018750
0 0.679688 0.964063 0.021875 0.018750
0 0.701562 0.962500 0.018750 0.018750
0 0.721094 0.961719 0.020313 0.020313
0 0.742969 0.961719 0.017188 0.020313
0 0.088281 0.310156 0.010937 0.014063
0 0.103906 0.310937 0.017188 0.012500
0 0.090625 0.342187 0.015625 0.015625
0 0.108594 0.341406 0.017188 0.014063