0 0.014063 0.071875 0.015625 0.015625
0 0.030469 0.072656 0.014063 0.014063
0 0.050781 0.072656 0.017188 0.017188
0 0.072656 0.073438 0.017188 0.015625
0 0.071875 0.097656 0.018750 0.017188
0 0.050000 0.097656 0.018750 0.017188
0 0.030469 0.096875 0.014063 0.015625
0 0.012500 0.096875 0.015625 0.015625
0 0.030469 0.153906 0.010937 0.010937
0 0.047656 0.154688 0.010937 0.012500
0 0.064062 0.154688 0.009375 0.009375
0 0.078125 0.153125 0.012500 0.012500
0 0.079687 0.178906 0.012500 0.014063
0 0.049219 0.178125 0.014063 0.015625
0 0.030469 0.177344 0.014063 0.014063
0 0.010156 0.178125 0.017188 0.015625
0 0.171094 0.071094 0.023438 0.020313
0 0.192969 0.071875 0.020313 0.018750
0 0.215625 0.069531 0.018750 0.020313
0 0.235156 0.067969 0.020313 0.020313
0 0.257031 0.068750 0.020313 0.021875
0 0.248438 0.092188 0.021875 0.021875
0 0.222656 0.090625 0.020313 0.018750
0 0.192969 0.091406 0.017188 0.014063
0 0.171094 0.093750 0.017188 0.018750
0 0.411719 0.017969 0.023438 0.020313
0 0.445312 0.085938 0.031250 0.031250
0 0.367969 0.404687 0.051562 0.046875
0 0.435156 0.403125 0.057813 0.053125
0 0.363281 0.525000 0.026562 0.021875
0 0.596875 0.289844 0.090625 0.089063
0 0.674219 0.351562 0.089063 0.084375
0 0.749219 0.414062 0.092188 0.090625
0 0.575781 0.359375 0.029687 0.028125
0 0.608594 0.429688 0.092188 0.084375
0 0.687500 0.491406 0.090625 0.085938
0 0.595313 0.525000 0.056250 0.053125
0 0.646875 0.566406 0.056250 0.054688
0 0.385156 0.511719 0.017188 0.020313
0 0.417969 0.514844 0.032813 0.029687
0 0.459375 0.514062 0.037500 0.031250
0 0.459375 0.555469 0.034375 0.032813
0 0.417969 0.555469 0.032813 0.032813
0 0.380469 0.554688 0.032813 0.031250
0 0.950000 0.551562 0.034375 0.031250
0 0.979688 0.572656 0.031250 0.029687
0 0.839844 0.563281 0.092188 0.085938
0 0.918750 0.625781 0.090625 0.082812
0 0.853906 0.704688 0.085938 0.084375
0 0.777344 0.639062 0.089063 0.084375
0 0.597656 0.736719 0.057813 0.048438
0 0.599219 0.796094 0.057813 0.051562
0 0.460156 0.724219 0.029687 0.029687
0 0.425781 0.724219 0.029687 0.029687
0 0.396875 0.742969 0.021875 0.020313
0 0.426563 0.760938 0.028125 0.031250
0 0.832031 0.889062 0.070312 0.062500
0 0.887500 0.935156 0.071875 0.060937
0 0.784375 0.945312 0.071875 0.062500
0 0.842187 0.982031 0.071875 0.035937
0 0.556250 0.914062 0.025000 0.021875
0 0.278125 0.396875 0.018750 0.015625
0 0.274219 0.375781 0.023438 0.023438
0 0.275000 0.351562 0.018750 0.018750
0 0.276562 0.327344 0.018750 0.017188
0 0.741406 0.763281 0.014063 0.014063
0 0.754687 0.773438 0.015625 0.015625
0 0.344531 0.050000 0.023438 0.021875
0 0.364063 0.068750 0.015625 0.015625
0 0.735156 0.995313 0.042188 0.009375
0 0.359375 0.639844 0.018750 0.014063
0 0.381250 0.640625 0.018750 0.012500
0 0.401562 0.638281 0.018750 0.017188
0 0.358594 0.664062 0.020313 0.018750
0 0.379688 0.664062 0.021875 0.018750
0 0.401562 0.662500 0.018750 0.018750
0 0.421094 0.661719 0.020313 0.020313
0 0.442969 0.661719 0.017188 0.020313