0 0.253125 0.023438 0.018750 0.018750
0 0.236719 0.078906 0.029687 0.029687
0 0.286719 0.136719 0.029687 0.029687
0 0.192969 0.182812 0.029687 0.028125
0 0.271094 0.166406 0.020313 0.023438
0 0.230469 0.238281 0.035937 0.032813
0 0.272656 0.249219 0.035937 0.032813
0 0.292187 0.189844 0.034375 0.029687
0 0.308594 0.225781 0.035937 0.032813
0 0.242969 0.278125 0.035937 0.034375
0 0.325781 0.278906 0.020313 0.020313
0 0.281250 0.292187 0.034375 0.034375
0 0.189062 0.470313 0.028125 0.028125
0 0.175000 0.502344 0.021875 0.017188
0 0.142187 0.494531 0.018750 0.017188
0 0.380469 0.486719 0.032813 0.029687
0 0.403125 0.453125 0.031250 0.028125
0 0.427344 0.419531 0.029687 0.032813
0 0.438281 0.373437 0.023438 0.021875
0 0.483594 0.364844 0.026562 0.026562
0 0.563281 0.486719 0.029687 0.029687
0 0.601562 0.506250 0.031250 0.031250
0 0.639062 0.523438 0.031250 0.034375
0 0.626563 0.467969 0.031250 0.029687
0 0.591406 0.452344 0.032813 0.029687
0 0.618750 0.415625 0.031250 0.031250
0 0.604688 0.375000 0.031250 0.031250
0 0.446094 0.222656 0.017188 0.017188
0 0.446875 0.198437 0.018750 0.018750
0 0.439063 0.144531 0.018750 0.017188
0 0.435156 0.124219 0.014063 0.014063
0 0.635938 0.167187 0.100000 0.100000
0 0.723437 0.160156 0.034375 0.029687
0 0.767969 0.150000 0.032813 0.031250
0 0.928906 0.175000 0.017188 0.015625
0 0.898438 0.196094 0.015625 0.014063
0 0.914062 0.196094 0.015625 0.014063
0 0.931250 0.196094 0.015625 0.014063
0 0.931250 0.211719 0.015625 0.014063
0 0.914062 0.211719 0.015625 0.014063
0 0.897656 0.210938 0.014063 0.012500
0 0.922656 0.230469 0.023438 0.020313
0 0.900000 0.230469 0.021875 0.020313
0 0.948438 0.246094 0.021875 0.017188
0 0.950000 0.277344 0.021875 0.020313
0 0.924219 0.253906 0.020313 0.020313
0 0.900000 0.253906 0.021875 0.020313
0 0.901563 0.276562 0.018750 0.018750
0 0.925000 0.275781 0.021875 0.020313
0 0.926562 0.296094 0.015625 0.014063
0 0.905469 0.351562 0.017188 0.015625
0 0.925000 0.350781 0.015625 0.014063
0 0.947656 0.353125 0.023438 0.018750
0 0.962500 0.364063 0.009375 0.009375
0 0.948438 0.374219 0.025000 0.020313
0 0.917188 0.374219 0.025000 0.023438
0 0.906250 0.394531 0.012500 0.010937
0 0.920312 0.393750 0.012500 0.012500
0 0.953125 0.416406 0.025000 0.026562
0 0.271094 0.661719 0.023438 0.023438
0 0.293750 0.721875 0.031250 0.031250
0 0.246094 0.719531 0.032813 0.029687
0 0.246094 0.669531 0.020313 0.020313
0 0.201563 0.705469 0.031250 0.029687
0 0.167187 0.685937 0.028125 0.028125
0 0.131250 0.660156 0.031250 0.032813
0 0.090625 0.636719 0.031250 0.032813
0 0.010156 0.678125 0.020313 0.025000
0 0.029687 0.689844 0.028125 0.020313
0 0.085156 0.757031 0.023438 0.020313
0 0.100781 0.727344 0.010937 0.010937
0 0.121875 0.775000 0.028125 0.028125
0 0.082812 0.785937 0.015625 0.021875
0 0.114844 0.818750 0.026562 0.028125
0 0.092969 0.849219 0.026562 0.029687
0 0.158594 0.807813 0.029687 0.031250
0 0.257031 0.842187 0.026562 0.028125
0 0.214844 0.948438 0.035937 0.034375
0 0.140625 0.942969 0.018750 0.020313
0 0.166406 0.908594 0.014063 0.017188
0 0.078125 0.953906 0.018750 0.020313
0 0.059375 0.954688 0.015625 0.018750
0 0.060937 0.975781 0.015625 0.014063
0 0.055469 0.992969 0.014063 0.014063
0 0.076563 0.996094 0.015625 0.007812
0 0.303125 0.902344 0.012500 0.014063
0 0.317969 0.906250 0.010937 0.012500
0 0.410156 0.918750 0.029687 0.031250
0 0.434375 0.976562 0.031250 0.028125
0 0.475000 0.960938 0.031250 0.031250
0 0.369531 0.995313 0.020313 0.009375
0 0.585156 0.893750 0.010937 0.012500
0 0.601562 0.900781 0.015625 0.017188
0 0.585938 0.907813 0.012500 0.009375
0 0.626563 0.914844 0.028125 0.029687
0 0.600000 0.932813 0.028125 0.028125
0 0.614062 0.948438 0.015625 0.015625
0 0.629687 0.939063 0.018750 0.015625
0 0.642188 0.929688 0.015625 0.012500
0 0.648438 0.916406 0.012500 0.014063
0 0.656250 0.900781 0.018750 0.017188
0 0.639062 0.895312 0.012500 0.012500
0 0.671094 0.894531 0.014063 0.014063
0 0.682031 0.914062 0.020313 0.021875
0 0.701562 0.908594 0.018750 0.017188
0 0.697656 0.889062 0.017188 0.018750
0 0.736719 0.874219 0.010937 0.010937
0 0.830469 0.758594 0.020313 0.017188
0 0.833594 0.782813 0.020313 0.018750
0 0.835938 0.807031 0.018750 0.017188
0 0.832031 0.850781 0.020313 0.020313
0 0.855469 0.782031 0.017188 0.017188
0 0.855469 0.759375 0.020313 0.018750