0 0.107031 0.693750 0.104688 0.103125
0 0.012500 0.598437 0.025000 0.059375
0 0.075781 0.506250 0.104688 0.106250
0 0.046875 0.327344 0.078125 0.076563
0 0.338281 0.006250 0.017188 0.012500
0 0.362500 0.005469 0.018750 0.010937
0 0.353125 0.014844 0.018750 0.017188
0 0.406250 0.010937 0.021875 0.018750
0 0.382812 0.008594 0.021875 0.017188
0 0.370312 0.028125 0.025000 0.025000
0 0.396094 0.029687 0.020313 0.015625
0 0.389844 0.064062 0.029687 0.028125
0 0.376563 0.091406 0.021875 0.023438
0 0.467187 0.053125 0.021875 0.018750
0 0.494531 0.057813 0.023438 0.021875
0 0.432812 0.095312 0.025000 0.021875
0 0.460156 0.081250 0.029687 0.028125
0 0.492969 0.092188 0.026562 0.028125
0 0.459375 0.112500 0.021875 0.021875
0 0.484375 0.121094 0.021875 0.023438
0 0.513281 0.071094 0.023438 0.023438
0 0.548438 0.076563 0.015625 0.015625
0 0.556250 0.062500 0.015625 0.012500
0 0.798438 0.683594 0.143750 0.135937
0 0.607031 0.771875 0.142187 0.140625
0 0.549219 0.623437 0.098437 0.093750
0 0.367188 0.541406 0.062500 0.060937
0 0.228906 0.596875 0.104688 0.100000
0 0.427344 0.682031 0.101562 0.104688
0 0.313281 0.773438 0.101562 0.100000
0 0.175000 0.885938 0.103125 0.103125
0 0.445312 0.900000 0.125000 0.128125
0 0.650781 0.950000 0.139063 0.100000
0 0.203125 0.438281 0.062500 0.060937