0 0.442188 0.023438 0.025000 0.025000
0 0.473438 0.007812 0.034375 0.015625
0 0.478906 0.070312 0.023438 0.025000
0 0.510156 0.046094 0.032813 0.035937
0 0.550781 0.014844 0.035937 0.029687
0 0.588281 0.162500 0.082812 0.078125
0 0.664062 0.256250 0.078125 0.078125
0 0.748437 0.189062 0.081250 0.078125
0 0.672656 0.093750 0.076563 0.078125
0 0.755469 0.032813 0.079687 0.065625
0 0.832031 0.120313 0.079687 0.078125
0 0.032031 0.428906 0.029687 0.029687
0 0.053125 0.455469 0.031250 0.032813
0 0.075781 0.485156 0.029687 0.029687
0 0.100000 0.515625 0.031250 0.034375
0 0.200781 0.549219 0.020313 0.020313
0 0.264062 0.584375 0.025000 0.028125
0 0.485156 0.703906 0.048438 0.048438
0 0.490625 0.646094 0.046875 0.045312
0 0.308594 0.625000 0.026562 0.028125
0 0.511719 0.574219 0.029687 0.029687
0 0.535937 0.551562 0.021875 0.021875
0 0.596094 0.485156 0.029687 0.026562
0 0.977344 0.393750 0.045312 0.103125
0 0.893750 0.298438 0.062500 0.059375
0 0.850000 0.243750 0.059375 0.059375
0 0.961719 0.206250 0.076563 0.106250
0 0.946875 0.032813 0.078125 0.065625