0 0.107031 0.393750 0.104688 0.103125
0 0.012500 0.298438 0.025000 0.059375
0 0.075781 0.206250 0.104688 0.106250
0 0.046875 0.032813 0.078125 0.065625
0 0.798438 0.383594 0.143750 0.135937
0 0.607031 0.471875 0.142187 0.140625
0 0.549219 0.323437 0.098437 0.093750
0 0.367188 0.241406 0.062500 0.060937
0 0.228906 0.296875 0.104688 0.100000
0 0.427344 0.382031 0.101562 0.104688
0 0.313281 0.473438 0.101562 0.100000
0 0.175000 0.585938 0.103125 0.103125
0 0.445312 0.600000 0.125000 0.128125
0 0.650781 0.669531 0.139063 0.139063
0 0.528906 0.822656 0.082812 0.085938
0 0.203125 0.138281 0.062500 0.060937
0 0.335938 0.708594 0.059375 0.057813