0 0.012500 0.491406 0.025000 0.051562
0 0.045312 0.592187 0.043750 0.043750
0 0.071875 0.658594 0.065625 0.060937
0 0.075000 0.720313 0.037500 0.034375
0 0.067969 0.758594 0.035937 0.035937
0 0.225781 0.564844 0.017188 0.017188
0 0.241406 0.604688 0.020313 0.018750
0 0.236719 0.635938 0.026562 0.025000
0 0.228906 0.670312 0.029687 0.028125
0 0.223438 0.704688 0.025000 0.021875
0 0.250781 0.714844 0.020313 0.017188
0 0.275000 0.613281 0.031250 0.029687
0 0.288281 0.631250 0.014063 0.012500
0 0.305469 0.637500 0.014063 0.012500
0 0.281250 0.642969 0.015625 0.014063
0 0.298438 0.654687 0.018750 0.018750
0 0.272656 0.659375 0.023438 0.021875
0 0.291406 0.671094 0.020313 0.017188
0 0.284375 0.689844 0.021875 0.020313
0 0.276562 0.713281 0.025000 0.023438
0 0.263281 0.677344 0.020313 0.017188
0 0.256250 0.693750 0.018750 0.015625
0 0.239844 0.759375 0.017188 0.015625
0 0.440625 0.697656 0.078125 0.076563
0 0.596875 0.682813 0.087500 0.087500
0 0.492188 0.806250 0.087500 0.087500
0 0.394531 0.885156 0.079687 0.076563
0 0.253125 0.923438 0.018750 0.018750
0 0.236719 0.978906 0.029687 0.029687
0 0.757812 0.872656 0.100000 0.098437
0 0.771094 0.720313 0.089063 0.084375
0 0.668750 0.601562 0.018750 0.018750