0 0.547656 0.057031 0.032813 0.029687
0 0.584375 0.066406 0.031250 0.029687
0 0.536719 0.086719 0.014063 0.010937
0 0.459375 0.276562 0.031250 0.031250
0 0.500781 0.284375 0.042188 0.040625
0 0.545312 0.300781 0.025000 0.023438
0 0.572656 0.302344 0.023438 0.023438
0 0.569531 0.325781 0.017188 0.017188
0 0.546094 0.325781 0.020313 0.017188
0 0.504687 0.331250 0.031250 0.028125
0 0.544531 0.346094 0.020313 0.017188
0 0.568750 0.348438 0.018750 0.015625
0 0.540625 0.372656 0.018750 0.020313
0 0.567969 0.376563 0.010937 0.012500
0 0.545312 0.391406 0.012500 0.010937
0 0.566406 0.392969 0.014063 0.014063
0 0.572656 0.449219 0.014063 0.014063
0 0.648438 0.379688 0.015625 0.015625
0 0.649219 0.349219 0.026562 0.026562
0 0.653906 0.310156 0.026562 0.026562
0 0.689844 0.308594 0.017188 0.017188
0 0.684375 0.335938 0.018750 0.018750
0 0.723437 0.338281 0.028125 0.029687
0 0.681250 0.380469 0.021875 0.023438
0 0.719531 0.382812 0.029687 0.028125
0 0.978125 0.053906 0.018750 0.020313
0 0.959375 0.054688 0.015625 0.018750
0 0.960938 0.075781 0.015625 0.014063
0 0.955469 0.092969 0.014063 0.014063
0 0.976562 0.100000 0.015625 0.015625
0 0.257031 0.490625 0.020313 0.021875
0 0.303125 0.565625 0.021875 0.025000
0 0.321875 0.586719 0.025000 0.023438
0 0.342969 0.559375 0.029687 0.025000
0 0.327344 0.755469 0.051562 0.051562
0 0.285938 0.702344 0.050000 0.048438
0 0.975781 0.147656 0.017188 0.017188
0 0.973437 0.124219 0.018750 0.017188
0 0.949219 0.132812 0.020313 0.018750
0 0.936719 0.110937 0.007812 0.009375
0 0.949219 0.106250 0.007812 0.009375
0 0.960156 0.108594 0.010937 0.010937
0 0.947656 0.116406 0.010937 0.010937
0 0.958594 0.119531 0.010937 0.010937
0 0.934375 0.125000 0.009375 0.009375
0 0.283594 0.469531 0.039062 0.035937
0 0.183594 0.331250 0.045312 0.043750
0 0.949219 0.717969 0.039062 0.042188
0 0.985156 0.696875 0.029687 0.050000