0 0.038281 0.006250 0.017188 0.012500
0 0.062500 0.005469 0.018750 0.010937
0 0.053125 0.014844 0.018750 0.017188
0 0.106250 0.010937 0.021875 0.018750
0 0.082812 0.008594 0.021875 0.017188
0 0.070312 0.028125 0.025000 0.025000
0 0.096094 0.029687 0.020313 0.015625
0 0.089844 0.064062 0.029687 0.028125
0 0.076563 0.091406 0.021875 0.023438
0 0.167187 0.053125 0.021875 0.018750
0 0.194531 0.057813 0.023438 0.021875
0 0.132812 0.095312 0.025000 0.021875
0 0.160156 0.081250 0.029687 0.028125
0 0.192969 0.092188 0.026562 0.028125
0 0.159375 0.112500 0.021875 0.021875
0 0.184375 0.121094 0.021875 0.023438
0 0.213281 0.071094 0.023438 0.023438
0 0.248438 0.076563 0.015625 0.015625
0 0.256250 0.062500 0.015625 0.012500
0 0.498437 0.683594 0.143750 0.135937
0 0.307031 0.771875 0.142187 0.140625
0 0.249219 0.623437 0.098437 0.093750
0 0.067187 0.541406 0.062500 0.060937
0 0.127344 0.682031 0.101562 0.104688
0 0.032031 0.773438 0.064062 0.100000
0 0.145313 0.900000 0.125000 0.128125
0 0.350781 0.950000 0.139063 0.100000