0 0.109375 0.528906 0.068750 0.064062
0 0.187500 0.443750 0.034375 0.031250
0 0.224219 0.423438 0.032813 0.034375
0 0.228125 0.633594 0.075000 0.076563
0 0.303125 0.571875 0.078125 0.075000
0 0.121875 0.821875 0.028125 0.028125
0 0.158594 0.791406 0.029687 0.029687
0 0.196875 0.759375 0.028125 0.025000
0 0.185938 0.826562 0.031250 0.031250
0 0.152344 0.861719 0.023438 0.023438
0 0.176563 0.888281 0.021875 0.020313
0 0.247656 0.822656 0.029687 0.035937
0 0.221094 0.790625 0.029687 0.031250
0 0.237500 0.957812 0.037500 0.037500
0 0.275000 0.928125 0.034375 0.034375
0 0.314063 0.896094 0.031250 0.029687
0 0.352344 0.867188 0.032813 0.031250
0 0.382031 0.903906 0.032813 0.029687
0 0.343750 0.933594 0.034375 0.029687
0 0.307812 0.965625 0.031250 0.031250
0 0.271094 0.987500 0.042188 0.025000
0 0.385156 0.983594 0.035937 0.032813
0 0.423438 0.953906 0.037500 0.035937
0 0.453125 0.986719 0.037500 0.026562
0 0.214844 0.048438 0.035937 0.034375
0 0.140625 0.042969 0.018750 0.020313
0 0.166406 0.008594 0.014063 0.017188
0 0.078125 0.053906 0.018750 0.020313
0 0.059375 0.054688 0.015625 0.018750
0 0.060937 0.075781 0.015625 0.014063
0 0.055469 0.092969 0.014063 0.014063
0 0.076563 0.100000 0.015625 0.015625
0 0.605469 0.988281 0.045312 0.023438
0 0.646094 0.962500 0.039062 0.037500
0 0.542188 0.925000 0.043750 0.043750
0 0.512500 0.882031 0.050000 0.045312
0 0.589063 0.884375 0.040625 0.037500
0 0.742969 0.892969 0.060937 0.064062
0 0.783594 0.951562 0.054688 0.056250
0 0.820312 0.987500 0.059375 0.025000
0 0.621094 0.639062 0.064062 0.062500
0 0.603906 0.803125 0.054688 0.053125
0 0.555469 0.844531 0.054688 0.051562
0 0.637500 0.846094 0.040625 0.035937
0 0.699219 0.768750 0.079687 0.078125
0 0.516406 0.768750 0.057813 0.056250
0 0.462500 0.810156 0.056250 0.054688
0 0.325000 0.750000 0.056250 0.059375
0 0.376563 0.705469 0.056250 0.054688
0 0.430469 0.660937 0.054688 0.053125
0 0.558594 0.564063 0.076563 0.075000
0 0.437500 0.507812 0.065625 0.065625
0 0.503906 0.471875 0.054688 0.056250
0 0.421094 0.430469 0.060937 0.064062
0 0.359375 0.475781 0.062500 0.060937
0 0.303125 0.004687 0.012500 0.009375
0 0.317969 0.006250 0.010937 0.012500
0 0.410156 0.018750 0.029687 0.031250
0 0.434375 0.076563 0.031250 0.028125
0 0.475000 0.060937 0.031250 0.031250
0 0.369531 0.102344 0.020313 0.023438
0 0.214844 0.153906 0.020313 0.020313
0 0.075781 0.147656 0.017188 0.017188
0 0.073438 0.124219 0.018750 0.017188
0 0.049219 0.132812 0.020313 0.018750
0 0.036719 0.110937 0.007812 0.009375
0 0.049219 0.106250 0.007812 0.009375
0 0.060156 0.108594 0.010937 0.010937
0 0.047656 0.116406 0.010937 0.010937
0 0.058594 0.119531 0.010937 0.010937
0 0.034375 0.125000 0.009375 0.009375
0 0.389844 0.256250 0.029687 0.028125
0 0.546875 0.184375 0.028125 0.028125
0 0.585938 0.189062 0.031250 0.031250
0 0.630469 0.182031 0.035937 0.032813
0 0.612500 0.144531 0.034375 0.032813
0 0.601562 0.004687 0.015625 0.009375
0 0.585938 0.007812 0.012500 0.009375
0 0.626563 0.014844 0.028125 0.029687
0 0.600000 0.032813 0.028125 0.028125
0 0.614062 0.048438 0.015625 0.015625
0 0.629687 0.039062 0.018750 0.015625
0 0.642188 0.029687 0.015625 0.012500
0 0.648438 0.016406 0.012500 0.014063
0 0.656250 0.004687 0.018750 0.009375
0 0.682031 0.014063 0.020313 0.021875
0 0.701562 0.008594 0.018750 0.017188
0 0.826562 0.228125 0.062500 0.065625
0 0.764844 0.272656 0.064062 0.060937
0 0.700781 0.317969 0.057813 0.060937
0 0.771875 0.353125 0.062500 0.059375
0 0.837500 0.309375 0.062500 0.062500
0 0.618750 0.405469 0.012500 0.010937
0 0.646875 0.409375 0.015625 0.015625
0 0.668750 0.437500 0.018750 0.015625
0 0.690625 0.464062 0.015625 0.015625
0 0.700781 0.478906 0.017188 0.017188
0 0.709375 0.492188 0.009375 0.009375
0 0.700781 0.500000 0.010937 0.009375
0 0.691406 0.507031 0.010937 0.010937
0 0.685937 0.514062 0.012500 0.009375
0 0.629687 0.418750 0.015625 0.012500
0 0.639062 0.430469 0.015625 0.017188
0 0.650000 0.442969 0.012500 0.014063
0 0.657813 0.453125 0.012500 0.012500
0 0.667188 0.464062 0.012500 0.012500
0 0.675000 0.473438 0.012500 0.012500
0 0.682813 0.484375 0.012500 0.012500
0 0.689063 0.495312 0.012500 0.012500
0 0.678906 0.501563 0.014063 0.012500
0 0.672656 0.492969 0.014063 0.014063
0 0.664844 0.482031 0.010937 0.010937
0 0.654687 0.471094 0.012500 0.014063
0 0.647656 0.460156 0.014063 0.010937
0 0.639062 0.453125 0.015625 0.015625
0 0.626563 0.440625 0.015625 0.015625
0 0.616406 0.431250 0.017188 0.018750
0 0.607031 0.417187 0.017188 0.018750
0 0.592187 0.422656 0.012500 0.014063
0 0.657813 0.422656 0.015625 0.017188
0 0.678906 0.451562 0.017188 0.015625
0 0.049219 0.717969 0.039062 0.042188
0 0.096094 0.696875 0.051562 0.050000