0 0.065625 0.865625 0.018750 0.015625
0 0.055469 0.879687 0.017188 0.012500
0 0.046875 0.892188 0.015625 0.018750
0 0.038281 0.904687 0.017188 0.015625
0 0.079687 0.877344 0.018750 0.017188
0 0.070312 0.889844 0.018750 0.017188
0 0.062500 0.903125 0.018750 0.015625
0 0.053125 0.914844 0.018750 0.017188
0 0.096094 0.889844 0.023438 0.020313
0 0.121875 0.889844 0.025000 0.020313
0 0.106250 0.910937 0.021875 0.018750
0 0.082812 0.907813 0.021875 0.018750
0 0.070312 0.928125 0.025000 0.025000
0 0.096094 0.929688 0.020313 0.015625
0 0.089844 0.964063 0.029687 0.028125
0 0.076563 0.989844 0.021875 0.020313
0 0.167187 0.953125 0.021875 0.018750
0 0.194531 0.957812 0.023438 0.021875
0 0.132812 0.992188 0.025000 0.015625
0 0.160156 0.981250 0.029687 0.028125
0 0.192969 0.989062 0.026562 0.021875
0 0.213281 0.971094 0.023438 0.023438
0 0.248438 0.976562 0.015625 0.015625
0 0.256250 0.962500 0.015625 0.012500