0 0.717187 0.050781 0.068750 0.070312
0 0.852344 0.080469 0.067187 0.070312
0 0.073438 0.542969 0.068750 0.064062
0 0.054688 0.628906 0.068750 0.067187
0 0.524219 0.328125 0.029687 0.025000
0 0.516406 0.357812 0.029687 0.025000
0 0.575000 0.394531 0.028125 0.023438
0 0.639062 0.305469 0.012500 0.014063
0 0.547656 0.957031 0.032813 0.029687
0 0.584375 0.966406 0.031250 0.029687
0 0.536719 0.986719 0.014063 0.010937
0 0.987500 0.636719 0.025000 0.032813
0 0.908594 0.678125 0.023438 0.025000
0 0.929688 0.689844 0.028125 0.020313
0 0.985156 0.757031 0.023438 0.020313
0 0.997656 0.727344 0.004687 0.010937
0 0.982812 0.785937 0.015625 0.021875
0 0.989844 0.849219 0.020313 0.029687
0 0.978125 0.953906 0.018750 0.020313
0 0.959375 0.954688 0.015625 0.018750
0 0.960938 0.975781 0.015625 0.014063
0 0.955469 0.992969 0.014063 0.014063
0 0.976562 0.996094 0.015625 0.007812