0 0.028906 0.175000 0.017188 0.015625
0 0.003125 0.196094 0.006250 0.014063
0 0.014063 0.196094 0.015625 0.014063
0 0.031250 0.196094 0.015625 0.014063
0 0.031250 0.211719 0.015625 0.014063
0 0.014063 0.211719 0.015625 0.014063
0 0.022656 0.230469 0.023438 0.020313
0 0.005469 0.230469 0.010937 0.020313
0 0.048438 0.246094 0.021875 0.017188
0 0.050000 0.277344 0.021875 0.020313
0 0.024219 0.253906 0.020313 0.020313
0 0.005469 0.253906 0.010937 0.020313
0 0.005469 0.276562 0.010937 0.018750
0 0.025000 0.275781 0.021875 0.020313
0 0.026562 0.296094 0.015625 0.014063
0 0.007031 0.351562 0.014063 0.015625
0 0.025000 0.350781 0.015625 0.014063
0 0.047656 0.353125 0.023438 0.018750
0 0.062500 0.364063 0.009375 0.009375
0 0.048438 0.374219 0.025000 0.020313
0 0.017188 0.374219 0.025000 0.023438
0 0.006250 0.394531 0.012500 0.010937
0 0.020313 0.393750 0.012500 0.012500
0 0.053125 0.416406 0.025000 0.026562