0 0.403906 0.578906 0.089063 0.085938
0 0.532813 0.607031 0.093750 0.085938
0 0.395313 0.683594 0.053125 0.051562
0 0.502344 0.707812 0.057813 0.053125
0 0.653125 0.628125 0.068750 0.068750
0 0.628125 0.736719 0.068750 0.070312
0 0.785937 0.668750 0.087500 0.084375
0 0.800781 0.560937 0.054688 0.053125
0 0.877344 0.778906 0.092188 0.085938
0 0.805469 0.882031 0.070312 0.073438
0 0.717187 0.950781 0.068750 0.070312
0 0.852344 0.972656 0.067187 0.054688
0 0.819531 0.474219 0.057813 0.054688
0 0.897656 0.491406 0.054688 0.051562
0 0.945312 0.592187 0.043750 0.043750
0 0.878906 0.577344 0.057813 0.051562
0 0.969531 0.658594 0.060937 0.060937
0 0.975000 0.720313 0.037500 0.034375
0 0.967969 0.758594 0.035937 0.035937