0 0.128125 0.853906 0.025000 0.026562
0 0.173437 0.861719 0.015625 0.014063
0 0.185938 0.855469 0.012500 0.010937
0 0.125000 0.614844 0.021875 0.020313
0 0.156250 0.603125 0.018750 0.015625
0 0.158594 0.626563 0.017188 0.015625
0 0.128906 0.641406 0.020313 0.020313
0 0.117969 0.703125 0.014063 0.015625
0 0.139844 0.666406 0.017188 0.017188
0 0.161719 0.653125 0.020313 0.021875
0 0.167187 0.678125 0.018750 0.018750
0 0.145313 0.685937 0.015625 0.015625
0 0.365625 0.865625 0.018750 0.015625
0 0.355469 0.879687 0.017188 0.012500
0 0.346875 0.892188 0.015625 0.018750
0 0.338281 0.904687 0.017188 0.015625
0 0.379688 0.877344 0.018750 0.017188
0 0.370312 0.889844 0.018750 0.017188
0 0.362500 0.903125 0.018750 0.015625
0 0.353125 0.914844 0.018750 0.017188
0 0.396094 0.889844 0.023438 0.020313
0 0.421875 0.889844 0.025000 0.020313
0 0.406250 0.910937 0.021875 0.018750
0 0.382812 0.907813 0.021875 0.018750
0 0.370312 0.928125 0.025000 0.025000
0 0.396094 0.929688 0.020313 0.015625
0 0.389844 0.964063 0.029687 0.028125
0 0.376563 0.989844 0.021875 0.020313
0 0.467187 0.953125 0.021875 0.018750
0 0.494531 0.957812 0.023438 0.021875
0 0.432812 0.992188 0.025000 0.015625
0 0.460156 0.981250 0.029687 0.028125
0 0.492969 0.989062 0.026562 0.021875
0 0.513281 0.971094 0.023438 0.023438
0 0.548438 0.976562 0.015625 0.015625
0 0.556250 0.962500 0.015625 0.012500