0 0.237500 0.057813 0.037500 0.037500
0 0.275000 0.028125 0.034375 0.034375
0 0.382031 0.009375 0.032813 0.018750
0 0.343750 0.033594 0.034375 0.029687
0 0.307812 0.065625 0.031250 0.031250
0 0.271094 0.094531 0.042188 0.039062
0 0.133594 0.171875 0.020313 0.018750
0 0.110937 0.163281 0.018750 0.017188
0 0.087500 0.189062 0.025000 0.021875
0 0.310937 0.144531 0.040625 0.039062
0 0.343750 0.184375 0.037500 0.037500
0 0.380469 0.153906 0.039062 0.039062
0 0.349219 0.115625 0.039062 0.037500
0 0.385156 0.085156 0.035937 0.035937
0 0.423438 0.053906 0.037500 0.035937
0 0.417187 0.121094 0.037500 0.039062
0 0.453125 0.092969 0.037500 0.039062
0 0.405469 0.256250 0.048438 0.046875
0 0.457813 0.214844 0.046875 0.048438
0 0.510156 0.174219 0.045312 0.048438
0 0.442188 0.323437 0.025000 0.025000
0 0.473438 0.298438 0.034375 0.034375
0 0.478906 0.370312 0.023438 0.025000
0 0.510156 0.346094 0.032813 0.035937
0 0.550781 0.312500 0.035937 0.034375
0 0.514062 0.266406 0.040625 0.039062
0 0.560156 0.228906 0.042188 0.039062
0 0.596094 0.276562 0.042188 0.040625
0 0.588281 0.462500 0.082812 0.078125
0 0.664062 0.556250 0.078125 0.078125
0 0.748437 0.489063 0.081250 0.078125
0 0.672656 0.393750 0.076563 0.078125
0 0.755469 0.325000 0.079687 0.081250
0 0.832031 0.420312 0.079687 0.078125
0 0.032031 0.728906 0.029687 0.029687
0 0.053125 0.755469 0.031250 0.032813
0 0.075781 0.785156 0.029687 0.029687
0 0.100000 0.815625 0.031250 0.034375
0 0.200781 0.849219 0.020313 0.020313
0 0.264062 0.884375 0.025000 0.028125
0 0.485156 0.989844 0.048438 0.020313
0 0.490625 0.946094 0.046875 0.045312
0 0.308594 0.925000 0.026562 0.028125
0 0.511719 0.874219 0.029687 0.029687
0 0.535937 0.851562 0.021875 0.021875
0 0.596094 0.785156 0.029687 0.026562
0 0.977344 0.693750 0.045312 0.103125
0 0.893750 0.598437 0.062500 0.059375
0 0.850000 0.543750 0.059375 0.059375
0 0.961719 0.506250 0.076563 0.106250
0 0.946875 0.327344 0.078125 0.076563
0 0.871094 0.233594 0.076563 0.079687
0 0.689063 0.209375 0.043750 0.040625
0 0.727344 0.180469 0.042188 0.042188
0 0.701562 0.117188 0.053125 0.053125
0 0.654687 0.157031 0.053125 0.051562
0 0.605469 0.098437 0.045312 0.043750
0 0.646094 0.062500 0.039062 0.037500
0 0.542188 0.025000 0.043750 0.043750
0 0.783594 0.051562 0.054688 0.056250
0 0.820312 0.103125 0.059375 0.056250