0 0.778125 0.045312 0.037500 0.040625
0 0.763281 0.132031 0.035937 0.042188
0 0.843750 0.038281 0.025000 0.029687
0 0.840625 0.070312 0.025000 0.028125
0 0.834375 0.100781 0.028125 0.029687
0 0.829688 0.132031 0.021875 0.023438
0 0.695312 0.207813 0.015625 0.015625
0 0.678125 0.201563 0.018750 0.018750
0 0.675781 0.221875 0.017188 0.018750
0 0.691406 0.225781 0.017188 0.017188
0 0.798438 0.332813 0.028125 0.031250
0 0.760938 0.325000 0.028125 0.031250
0 0.727344 0.320312 0.029687 0.031250
0 0.722656 0.354687 0.026562 0.031250
0 0.756250 0.360938 0.028125 0.034375
0 0.792188 0.367188 0.028125 0.031250
0 0.674219 0.427344 0.029687 0.032813
0 0.707812 0.433594 0.031250 0.032813
0 0.742969 0.438281 0.029687 0.035937
0 0.778906 0.445312 0.029687 0.034375
0 0.772656 0.480469 0.029687 0.032813
0 0.737500 0.473438 0.031250 0.034375
0 0.703125 0.467187 0.031250 0.031250
0 0.668750 0.462500 0.031250 0.031250
0 0.945312 0.298438 0.078125 0.071875
0 0.946094 0.379688 0.073438 0.081250
0 0.922656 0.471094 0.054688 0.060937
0 0.667188 0.587500 0.059375 0.062500
0 0.785156 0.605469 0.057813 0.064062
0 0.757812 0.697656 0.075000 0.076563
0 0.379688 0.610156 0.028125 0.029687
0 0.603125 0.408594 0.018750 0.032813
0 0.566406 0.407031 0.029687 0.026562
0 0.535937 0.396094 0.025000 0.029687
0 0.561719 0.439844 0.026562 0.026562
0 0.528906 0.437500 0.026562 0.025000
0 0.492969 0.429688 0.029687 0.031250
0 0.593750 0.476562 0.025000 0.025000
0 0.560937 0.475000 0.025000 0.025000
0 0.525000 0.468750 0.025000 0.025000
0 0.490625 0.462500 0.025000 0.025000
0 0.456250 0.458594 0.021875 0.026562
0 0.823438 0.163281 0.021875 0.023438