0 0.207031 0.096875 0.048438 0.053125
0 0.268750 0.176563 0.034375 0.040625
0 0.260937 0.217969 0.034375 0.039062
0 0.192188 0.186719 0.046875 0.051562
0 0.112500 0.171094 0.050000 0.051562
0 0.045312 0.298438 0.078125 0.071875
0 0.046094 0.379688 0.073438 0.081250
0 0.025000 0.471094 0.050000 0.060937
0 0.112500 0.486719 0.056250 0.060937
0 0.138281 0.354687 0.064062 0.068750
0 0.225000 0.367969 0.062500 0.067187
0 0.203906 0.500781 0.054688 0.064062
0 0.421094 0.134375 0.048438 0.050000
0 0.500000 0.136719 0.050000 0.054688
0 0.407813 0.220312 0.046875 0.053125
0 0.476562 0.232813 0.034375 0.040625
0 0.517188 0.239844 0.034375 0.039062
0 0.364063 0.356250 0.034375 0.040625
0 0.407031 0.364063 0.032813 0.037500
0 0.453906 0.370312 0.035937 0.037500
0 0.495312 0.379688 0.034375 0.037500
0 0.374219 0.425781 0.048438 0.051562
0 0.465625 0.438281 0.043750 0.045312
0 0.660156 0.420312 0.092188 0.093750
0 0.837500 0.446875 0.087500 0.090625
0 0.978906 0.475000 0.042188 0.081250
0 0.694531 0.219531 0.089063 0.092188
0 0.873437 0.248438 0.087500 0.093750
0 0.426563 0.540625 0.034375 0.037500
0 0.468750 0.548438 0.031250 0.040625
0 0.571094 0.563281 0.032813 0.039062
0 0.613281 0.571094 0.032813 0.039062
0 0.656250 0.578125 0.031250 0.037500
0 0.696875 0.585938 0.034375 0.040625
0 0.740625 0.589844 0.034375 0.039062
0 0.970313 0.628125 0.031250 0.040625
0 0.784375 0.582031 0.015625 0.017188
0 0.515625 0.798438 0.015625 0.021875
0 0.537500 0.804688 0.018750 0.021875
0 0.546875 0.164844 0.050000 0.051562
0 0.780469 0.601562 0.017188 0.018750
0 0.778125 0.616406 0.012500 0.017188