0 0.053906 0.203906 0.045312 0.048438
0 0.052344 0.246875 0.029687 0.028125
0 0.078906 0.274219 0.026562 0.032813
0 0.150000 0.188281 0.050000 0.057813
0 0.149219 0.252344 0.054688 0.051562
0 0.214844 0.190625 0.054688 0.050000
0 0.211719 0.255469 0.054688 0.051562
0 0.300781 0.192969 0.057813 0.054688
0 0.325781 0.257031 0.054688 0.051562
0 0.150781 0.013281 0.045312 0.026562
0 0.195312 0.014063 0.046875 0.028125
0 0.238281 0.025000 0.035937 0.034375
0 0.247656 0.058594 0.023438 0.020313
0 0.278125 0.056250 0.031250 0.028125
0 0.296094 0.338281 0.029687 0.026562
0 0.339062 0.339844 0.031250 0.029687
0 0.290625 0.360156 0.012500 0.014063
0 0.306250 0.358594 0.015625 0.014063
0 0.299219 0.392188 0.042188 0.037500
0 0.342187 0.376563 0.028125 0.025000
0 0.342969 0.403125 0.023438 0.021875
0 0.292969 0.435937 0.029687 0.025000
0 0.338281 0.435156 0.035937 0.029687
0 0.338281 0.471094 0.026562 0.023438
0 0.321875 0.565625 0.075000 0.075000