0 0.212500 0.768750 0.118750 0.128125
0 0.340625 0.708594 0.028125 0.029687
0 0.213281 0.572656 0.076563 0.082812
0 0.407813 0.567187 0.078125 0.087500
0 0.459375 0.715625 0.118750 0.118750
0 0.625781 0.713281 0.117188 0.120313
0 0.556250 0.565625 0.090625 0.084375
0 0.695312 0.567969 0.078125 0.079687
0 0.410156 0.393750 0.085938 0.096875
0 0.552344 0.391406 0.079687 0.085938
0 0.696875 0.394531 0.081250 0.085938
0 0.408594 0.217969 0.082812 0.085938
0 0.551562 0.215625 0.084375 0.087500
0 0.693750 0.214844 0.075000 0.085938