0 0.100000 0.612500 0.078125 0.081250
0 0.050781 0.739844 0.079687 0.079687
0 0.080469 0.978906 0.029687 0.035937
0 0.094531 0.945312 0.029687 0.031250
0 0.110156 0.908594 0.035937 0.039062
0 0.153906 0.923438 0.039062 0.040625
0 0.136719 0.968750 0.035937 0.037500
0 0.205469 0.942969 0.039062 0.039062
0 0.317188 0.694531 0.025000 0.026562
0 0.231250 0.978906 0.037500 0.039062
0 0.247656 0.847656 0.029687 0.032813
0 0.196094 0.821875 0.042188 0.043750
0 0.155469 0.808594 0.039062 0.039062
0 0.168750 0.771094 0.031250 0.035937
0 0.207813 0.788281 0.034375 0.032813
0 0.262500 0.810937 0.037500 0.037500
0 0.189062 0.717187 0.034375 0.034375
0 0.228906 0.732031 0.035937 0.035937
0 0.282031 0.761719 0.054688 0.054688
0 0.246875 0.666406 0.025000 0.023438
0 0.212500 0.653906 0.021875 0.020313
0 0.153125 0.467969 0.081250 0.082812
0 0.289062 0.543750 0.065625 0.071875
0 0.375000 0.575781 0.065625 0.067187
0 0.412500 0.509375 0.050000 0.050000
0 0.297656 0.482031 0.032813 0.035937
0 0.330469 0.433594 0.064062 0.064062
0 0.253125 0.253125 0.068750 0.071875
0 0.221094 0.335156 0.067187 0.070312
0 0.707031 0.822656 0.017188 0.017188
0 0.685937 0.814063 0.018750 0.018750
0 0.731250 0.732031 0.040625 0.042188
0 0.656250 0.890625 0.015625 0.015625
0 0.675000 0.897656 0.015625 0.017188
0 0.814844 0.978125 0.014063 0.012500
0 0.817969 0.967187 0.010937 0.012500
0 0.822656 0.956250 0.010937 0.012500