0 0.892188 0.017969 0.075000 0.035937
0 0.716406 0.075781 0.079687 0.079687
0 0.843750 0.123438 0.078125 0.078125
0 0.710156 0.246094 0.054688 0.054688
0 0.940625 0.167969 0.021875 0.020313
0 0.950000 0.148438 0.018750 0.018750
0 0.968750 0.111719 0.028125 0.032813
0 0.980469 0.078906 0.029687 0.035937
0 0.989844 0.045312 0.020313 0.031250
0 0.995313 0.189062 0.009375 0.021875
0 0.959375 0.175000 0.018750 0.018750
0 0.980469 0.184375 0.017188 0.015625
0 0.967969 0.161719 0.017188 0.026562
0 0.988281 0.161719 0.023438 0.023438