0 0.108594 0.116406 0.089063 0.079687
0 0.271875 0.090625 0.081250 0.081250
0 0.428906 0.066406 0.082812 0.082812
0 0.130469 0.261719 0.082812 0.085938
0 0.290625 0.235156 0.081250 0.079687
0 0.307812 0.381250 0.084375 0.087500
0 0.450781 0.209375 0.082812 0.081250
0 0.589063 0.084375 0.081250 0.078125
0 0.609375 0.227344 0.081250 0.079687
0 0.746094 0.064062 0.079687 0.084375
0 0.769531 0.204687 0.079687 0.078125
0 0.467969 0.357031 0.089063 0.089063
0 0.491406 0.498437 0.089063 0.090625
0 0.631250 0.368750 0.081250 0.078125
0 0.654687 0.510938 0.081250 0.081250
0 0.788281 0.346094 0.082812 0.079687
0 0.813281 0.487500 0.079687 0.078125
0 0.904687 0.040625 0.081250 0.081250
0 0.926562 0.181250 0.087500 0.087500
0 0.835156 0.631250 0.082812 0.087500
0 0.947656 0.325781 0.089063 0.092188
0 0.961719 0.465625 0.076563 0.081250
0 0.973437 0.608594 0.053125 0.082812
0 0.985938 0.755469 0.028125 0.082812