0 0.479687 0.672656 0.046875 0.054688
0 0.539844 0.695312 0.054688 0.053125
0 0.504687 0.612500 0.050000 0.053125
0 0.565625 0.635156 0.056250 0.054688
0 0.531250 0.546875 0.053125 0.053125
0 0.592187 0.575000 0.053125 0.050000
0 0.617188 0.512500 0.053125 0.056250
0 0.554688 0.487500 0.053125 0.053125
0 0.441406 0.507812 0.029687 0.031250
0 0.460156 0.466406 0.026562 0.029687
0 0.839844 0.550000 0.010937 0.012500
0 0.861719 0.564063 0.017188 0.018750
0 0.857031 0.692969 0.029687 0.035937
0 0.746094 0.732812 0.017188 0.018750
0 0.980469 0.612500 0.039062 0.081250
0 0.950781 0.739844 0.079687 0.079687
0 0.765625 0.846875 0.081250 0.081250
0 0.892188 0.896094 0.075000 0.079687
0 0.716406 0.967969 0.079687 0.064062
0 0.980469 0.978906 0.029687 0.035937
0 0.989844 0.945312 0.020313 0.031250