0 0.040625 0.167969 0.021875 0.020313
0 0.050000 0.148438 0.018750 0.018750
0 0.068750 0.111719 0.028125 0.032813
0 0.080469 0.078906 0.029687 0.035937
0 0.094531 0.045312 0.029687 0.031250
0 0.110156 0.014063 0.035937 0.028125
0 0.153906 0.023438 0.039062 0.040625
0 0.136719 0.068750 0.035937 0.037500
0 0.115625 0.120313 0.037500 0.037500
0 0.182812 0.210938 0.028125 0.028125
0 0.206250 0.153906 0.028125 0.023438
0 0.100781 0.189062 0.020313 0.021875
0 0.059375 0.175000 0.018750 0.018750
0 0.080469 0.184375 0.017188 0.015625
0 0.205469 0.042969 0.039062 0.039062
0 0.067969 0.161719 0.017188 0.026562
0 0.089063 0.161719 0.025000 0.023438
0 0.108594 0.169531 0.023438 0.020313
0 0.231250 0.078906 0.037500 0.039062
0 0.167969 0.139844 0.039062 0.039062
0 0.146875 0.195312 0.034375 0.034375
0 0.582812 0.371094 0.021875 0.023438
0 0.593750 0.346875 0.021875 0.021875
0 0.631250 0.279687 0.025000 0.025000
0 0.609375 0.306250 0.018750 0.018750
0 0.615625 0.267969 0.015625 0.014063
0 0.582031 0.256250 0.014063 0.015625
0 0.566406 0.265625 0.017188 0.015625
0 0.557813 0.293750 0.012500 0.012500
0 0.555469 0.326562 0.029687 0.031250
0 0.814844 0.078125 0.014063 0.012500
0 0.817969 0.067187 0.010937 0.012500
0 0.822656 0.056250 0.010937 0.012500
0 0.185938 0.260937 0.018750 0.018750
0 0.167969 0.257812 0.014063 0.012500