0 0.854688 0.364063 0.018750 0.012500
0 0.848437 0.381250 0.021875 0.021875
0 0.791406 0.429688 0.017188 0.018750
0 0.819531 0.432031 0.023438 0.020313
0 0.842969 0.435937 0.020313 0.018750
0 0.785937 0.451562 0.021875 0.025000
0 0.813281 0.458594 0.020313 0.023438
0 0.846094 0.449219 0.010937 0.010937
0 0.839063 0.463281 0.021875 0.017188
0 0.839063 0.474219 0.015625 0.007812
0 0.834375 0.488281 0.018750 0.020313
0 0.808594 0.482812 0.023438 0.021875
0 0.781250 0.477344 0.021875 0.023438
0 0.757031 0.470313 0.014063 0.018750
0 0.821875 0.518750 0.034375 0.034375
0 0.786719 0.510938 0.026562 0.025000
0 0.796094 0.596875 0.051562 0.050000
0 0.738281 0.597656 0.035937 0.039062
0 0.729688 0.647656 0.040625 0.042188
0 0.784375 0.657813 0.046875 0.053125
0 0.723437 0.706250 0.050000 0.050000
0 0.792188 0.718750 0.050000 0.050000
0 0.992188 0.325000 0.015625 0.012500