0 0.854688 0.664062 0.018750 0.012500
0 0.848437 0.681250 0.021875 0.021875
0 0.791406 0.729688 0.017188 0.018750
0 0.819531 0.732031 0.023438 0.020313
0 0.842969 0.735938 0.020313 0.018750
0 0.785937 0.751563 0.021875 0.025000
0 0.813281 0.758594 0.020313 0.023438
0 0.846094 0.749219 0.010937 0.010937
0 0.839063 0.763281 0.021875 0.017188
0 0.839063 0.774219 0.015625 0.007812
0 0.834375 0.788281 0.018750 0.020313
0 0.808594 0.782813 0.023438 0.021875
0 0.781250 0.777344 0.021875 0.023438
0 0.757031 0.770312 0.014063 0.018750
0 0.821875 0.818750 0.034375 0.034375
0 0.786719 0.810937 0.026562 0.025000
0 0.796094 0.896875 0.051562 0.050000
0 0.738281 0.897656 0.035937 0.039062
0 0.729688 0.947656 0.040625 0.042188
0 0.784375 0.957812 0.046875 0.053125
0 0.992188 0.625000 0.015625 0.012500