0 0.112500 0.709375 0.078125 0.078125
0 0.271875 0.734375 0.078125 0.078125
0 0.311719 0.599219 0.082812 0.079687
0 0.153906 0.571875 0.079687 0.078125
0 0.017969 0.549219 0.035937 0.082812
0 0.041406 0.407031 0.082812 0.082812
0 0.202344 0.432031 0.082812 0.082812
0 0.357031 0.464844 0.082812 0.089063
0 0.085156 0.271875 0.079687 0.081250
0 0.244531 0.297656 0.079687 0.082812
0 0.399219 0.323437 0.085938 0.078125
0 0.284375 0.161719 0.084375 0.079687
0 0.443750 0.186719 0.084375 0.079687
0 0.489844 0.049219 0.076563 0.079687