0 0.335938 0.952344 0.012500 0.010937
0 0.315625 0.943750 0.012500 0.012500
0 0.304688 0.936719 0.009375 0.010937
0 0.292969 0.932031 0.010937 0.010937
0 0.281250 0.926562 0.012500 0.012500
0 0.270313 0.920312 0.012500 0.012500
0 0.257812 0.914844 0.012500 0.014063
0 0.358594 0.964063 0.014063 0.012500
0 0.367188 0.953125 0.012500 0.012500
0 0.342187 0.941406 0.018750 0.017188
0 0.322656 0.931250 0.017188 0.015625
0 0.310156 0.925000 0.014063 0.012500
0 0.299219 0.919531 0.010937 0.010937
0 0.286719 0.912500 0.014063 0.012500
0 0.275781 0.907813 0.014063 0.015625
0 0.263281 0.901563 0.017188 0.015625
0 0.273438 0.888281 0.018750 0.020313
0 0.281250 0.871875 0.021875 0.021875
0 0.299219 0.880469 0.017188 0.017188
0 0.289844 0.896875 0.017188 0.018750
0 0.313281 0.889844 0.020313 0.023438
0 0.307031 0.904687 0.020313 0.021875
0 0.329688 0.896875 0.018750 0.021875
0 0.321875 0.913281 0.018750 0.020313
0 0.345313 0.905469 0.018750 0.017188
0 0.338281 0.923438 0.017188 0.018750
0 0.361719 0.914062 0.017188 0.018750
0 0.354687 0.931250 0.015625 0.015625
0 0.374219 0.922656 0.014063 0.014063
0 0.385937 0.926562 0.012500 0.012500
0 0.368750 0.937500 0.015625 0.015625
0 0.380469 0.941406 0.014063 0.014063
0 0.397656 0.932813 0.014063 0.012500
0 0.408594 0.935156 0.014063 0.020313
0 0.402344 0.950781 0.017188 0.017188
0 0.389062 0.946094 0.018750 0.017188