0 0.815625 0.265625 0.028125 0.028125
0 0.796094 0.293750 0.026562 0.025000
0 0.777344 0.319531 0.026562 0.026562
0 0.912500 0.980469 0.084375 0.039062
0 0.907813 0.818750 0.087500 0.084375
0 0.977344 0.657031 0.045312 0.079687
0 0.335938 0.052344 0.012500 0.010937
0 0.315625 0.043750 0.012500 0.012500
0 0.304688 0.036719 0.009375 0.010937
0 0.292969 0.032031 0.010937 0.010937
0 0.281250 0.026562 0.012500 0.012500
0 0.270313 0.020313 0.012500 0.012500
0 0.257812 0.014844 0.012500 0.014063
0 0.358594 0.064062 0.014063 0.012500
0 0.367188 0.053125 0.012500 0.012500
0 0.342187 0.041406 0.018750 0.017188
0 0.322656 0.031250 0.017188 0.015625
0 0.310156 0.025000 0.014063 0.012500
0 0.299219 0.019531 0.010937 0.010937
0 0.286719 0.012500 0.014063 0.012500
0 0.275781 0.007812 0.014063 0.015625
0 0.263281 0.004687 0.017188 0.009375
0 0.307031 0.007812 0.020313 0.015625
0 0.321875 0.013281 0.018750 0.020313
0 0.345313 0.007031 0.018750 0.014063
0 0.338281 0.023438 0.017188 0.018750
0 0.361719 0.014063 0.017188 0.018750
0 0.354687 0.031250 0.015625 0.015625
0 0.374219 0.022656 0.014063 0.014063
0 0.385937 0.026562 0.012500 0.012500
0 0.368750 0.037500 0.015625 0.015625
0 0.380469 0.041406 0.014063 0.014063
0 0.397656 0.032813 0.014063 0.012500
0 0.408594 0.035156 0.014063 0.020313
0 0.402344 0.050781 0.017188 0.017188
0 0.389062 0.046094 0.018750 0.017188