0 0.611719 0.958594 0.042188 0.039062
0 0.605469 0.922656 0.042188 0.039062
0 0.210938 0.657813 0.046875 0.040625
0 0.246094 0.650781 0.035937 0.035937
0 0.253125 0.685937 0.040625 0.034375
0 0.216406 0.692187 0.045312 0.037500
0 0.256250 0.721094 0.040625 0.035937
0 0.217969 0.726562 0.039062 0.034375
0 0.352344 0.510938 0.020313 0.018750
0 0.355469 0.529687 0.020313 0.018750
0 0.358594 0.546875 0.017188 0.018750
0 0.294531 0.514844 0.014063 0.017188
0 0.306250 0.513281 0.012500 0.014063
0 0.318750 0.511719 0.012500 0.014063
0 0.332813 0.510938 0.012500 0.012500
0 0.295312 0.528906 0.012500 0.014063
0 0.307031 0.527344 0.014063 0.014063
0 0.322656 0.527344 0.014063 0.010937
0 0.332813 0.525000 0.012500 0.015625
0 0.298438 0.544531 0.012500 0.014063
0 0.310156 0.542188 0.014063 0.012500
0 0.324219 0.540625 0.014063 0.012500
0 0.337500 0.539062 0.012500 0.012500