0 0.311719 0.958594 0.042188 0.039062
0 0.305469 0.922656 0.042188 0.039062
0 0.052344 0.510938 0.020313 0.018750
0 0.055469 0.529687 0.020313 0.018750
0 0.058594 0.546875 0.017188 0.018750
0 0.006250 0.513281 0.012500 0.014063
0 0.018750 0.511719 0.012500 0.014063
0 0.032813 0.510938 0.012500 0.012500
0 0.007031 0.527344 0.014063 0.014063
0 0.022656 0.527344 0.014063 0.010937
0 0.032813 0.525000 0.012500 0.015625
0 0.010156 0.542188 0.014063 0.012500
0 0.024219 0.540625 0.014063 0.012500
0 0.037500 0.539062 0.012500 0.012500