0 0.195312 0.978906 0.084375 0.042188
0 0.025781 0.818750 0.051562 0.084375
0 0.095312 0.657031 0.081250 0.079687
0 0.188281 0.814063 0.082812 0.081250
0 0.250000 0.560156 0.078125 0.079687
0 0.432031 0.557813 0.082812 0.084375
0 0.346875 0.717969 0.081250 0.079687
0 0.507031 0.806250 0.085938 0.081250
0 0.595313 0.647656 0.087500 0.085938
0 0.690625 0.802344 0.087500 0.085938
0 0.778125 0.498437 0.031250 0.031250
0 0.818750 0.442188 0.028125 0.028125
0 0.819531 0.382031 0.029687 0.029687
0 0.818750 0.322656 0.021875 0.023438
0 0.862500 0.322656 0.021875 0.023438