0 0.777344 0.004687 0.020313 0.009375
0 0.754687 0.070312 0.043750 0.040625
0 0.718750 0.121094 0.062500 0.057813
0 0.817969 0.128906 0.045312 0.039062
0 0.771094 0.169531 0.064062 0.054688
0 0.671094 0.175000 0.060937 0.053125
0 0.722656 0.222656 0.064062 0.057813
0 0.877344 0.182812 0.045312 0.040625
0 0.841406 0.234375 0.064062 0.056250
0 0.792969 0.287500 0.064062 0.056250
0 0.940625 0.242188 0.046875 0.040625
0 0.892969 0.282813 0.064062 0.056250
0 0.846094 0.335156 0.064062 0.057813
0 0.601562 0.248438 0.037500 0.034375
0 0.561719 0.293750 0.048438 0.046875
0 0.517969 0.341406 0.048438 0.048438
0 0.647656 0.292187 0.045312 0.040625
0 0.607812 0.336719 0.059375 0.051562
0 0.564063 0.386719 0.059375 0.051562
0 0.718750 0.344531 0.043750 0.042188
0 0.780469 0.401562 0.048438 0.040625
0 0.674219 0.404687 0.060937 0.056250
0 0.726562 0.452344 0.065625 0.057813
0 0.627344 0.455469 0.064062 0.054688
0 0.682031 0.503125 0.060937 0.056250
0 0.971875 0.343750 0.056250 0.056250
0 0.981250 0.792188 0.037500 0.046875
0 0.978125 0.667969 0.043750 0.039062
0 0.947656 0.703125 0.045312 0.037500
0 0.917188 0.736719 0.043750 0.039062
0 0.982812 0.534375 0.034375 0.037500
0 0.957812 0.568750 0.046875 0.037500
0 0.909375 0.629687 0.056250 0.050000
0 0.867188 0.677344 0.056250 0.048438
0 0.899219 0.514844 0.045312 0.039062
0 0.842187 0.567187 0.059375 0.050000
0 0.799219 0.614844 0.054688 0.048438
0 0.837500 0.457031 0.043750 0.039062
0 0.788281 0.517969 0.045312 0.039062
0 0.749219 0.568750 0.057813 0.050000
0 0.752344 0.688281 0.010937 0.010937
0 0.744531 0.697656 0.010937 0.010937
0 0.735938 0.706250 0.012500 0.012500
0 0.646875 0.675000 0.015625 0.012500
0 0.635938 0.685937 0.015625 0.015625
0 0.614844 0.663281 0.010937 0.010937
0 0.621094 0.641406 0.010937 0.010937
0 0.612500 0.650781 0.012500 0.010937
0 0.611719 0.632812 0.014063 0.012500
0 0.601562 0.625000 0.012500 0.012500
0 0.593750 0.634375 0.012500 0.012500
0 0.601562 0.642969 0.012500 0.010937
0 0.566406 0.596094 0.010937 0.010937
0 0.567187 0.584375 0.009375 0.009375
0 0.559375 0.577344 0.009375 0.010937
0 0.554688 0.587500 0.009375 0.009375
0 0.552344 0.574219 0.010937 0.010937
0 0.539062 0.565625 0.009375 0.009375
0 0.544531 0.557813 0.010937 0.009375