0 0.179688 0.596094 0.009375 0.010937
0 0.171094 0.601562 0.007812 0.009375
0 0.164062 0.606250 0.009375 0.009375
0 0.188281 0.610938 0.010937 0.009375
0 0.180469 0.617188 0.010937 0.009375
0 0.194531 0.623437 0.017188 0.015625
0 0.204687 0.636719 0.015625 0.014063
0 0.214844 0.644531 0.010937 0.010937
0 0.206250 0.651563 0.009375 0.009375
0 0.125000 0.683594 0.012500 0.010937
0 0.223438 0.590625 0.012500 0.015625
0 0.246875 0.626563 0.012500 0.012500
0 0.618750 0.235937 0.031250 0.031250
0 0.638281 0.210938 0.026562 0.025000
0 0.657031 0.227344 0.026562 0.026562