0 0.787500 0.177344 0.021875 0.023438
0 0.764844 0.185156 0.023438 0.020313
0 0.832031 0.307812 0.014063 0.012500
0 0.849219 0.302344 0.014063 0.014063
0 0.867969 0.296875 0.017188 0.015625
0 0.892969 0.293750 0.023438 0.018750
0 0.917188 0.285938 0.021875 0.018750
0 0.990625 0.285938 0.009375 0.012500
0 0.974219 0.289062 0.014063 0.012500
0 0.953906 0.295312 0.014063 0.012500
0 0.923438 0.302344 0.012500 0.010937
0 0.906250 0.307031 0.012500 0.010937
0 0.882812 0.311719 0.012500 0.014063
0 0.867969 0.314844 0.014063 0.014063
0 0.853125 0.320312 0.012500 0.012500
0 0.835938 0.326562 0.015625 0.015625
0 0.779687 0.414062 0.015625 0.015625
0 0.808594 0.406250 0.014063 0.015625
0 0.794531 0.410156 0.014063 0.014063
0 0.942969 0.517969 0.014063 0.010937
0 0.947656 0.528906 0.014063 0.014063
0 0.994531 0.609375 0.010937 0.012500
0 0.990625 0.583594 0.012500 0.014063
0 0.990625 0.597656 0.012500 0.014063