0 0.429688 0.136719 0.028125 0.029687
0 0.404687 0.166406 0.031250 0.029687
0 0.289062 0.306250 0.046875 0.043750
0 0.233594 0.215625 0.092188 0.081250
0 0.033594 0.260156 0.026562 0.023438
0 0.057813 0.282813 0.021875 0.021875
0 0.089844 0.310937 0.051562 0.043750
0 0.013281 0.304688 0.026562 0.034375
0 0.040625 0.332813 0.037500 0.034375
0 0.071875 0.363281 0.037500 0.032813
0 0.103125 0.392188 0.037500 0.031250
0 0.128125 0.346094 0.050000 0.045312
0 0.164844 0.380469 0.045312 0.039062
0 0.134375 0.421094 0.037500 0.032813
0 0.199219 0.412500 0.045312 0.040625
0 0.166406 0.450781 0.039062 0.035937
0 0.012500 0.403125 0.025000 0.031250
0 0.033594 0.429688 0.035937 0.031250
0 0.012500 0.460938 0.025000 0.031250
0 0.033594 0.487500 0.035937 0.031250
0 0.060937 0.512500 0.037500 0.031250
0 0.088281 0.538281 0.035937 0.029687
0 0.062500 0.455469 0.037500 0.029687
0 0.090625 0.480469 0.037500 0.032813
0 0.117969 0.507031 0.039062 0.029687
0 0.017188 0.557031 0.034375 0.029687
0 0.043750 0.582031 0.034375 0.029687
0 0.017188 0.614062 0.034375 0.028125