0 0.971875 0.734375 0.012500 0.015625
0 0.974219 0.757812 0.017188 0.015625
0 0.943750 0.746875 0.031250 0.031250
0 0.959375 0.782031 0.025000 0.023438
0 0.996875 0.821094 0.006250 0.017188
0 0.928125 0.799219 0.034375 0.032813
0 0.897656 0.749219 0.023438 0.023438
0 0.893750 0.778125 0.015625 0.015625
0 0.897656 0.800000 0.014063 0.012500
0 0.901563 0.821875 0.012500 0.012500
0 0.903906 0.842969 0.014063 0.014063
0 0.971094 0.830469 0.017188 0.017188
0 0.991406 0.846094 0.017188 0.023438
0 0.950781 0.844531 0.017188 0.017188
0 0.968750 0.862500 0.018750 0.018750
0 0.942187 0.864844 0.021875 0.023438
0 0.985938 0.943750 0.012500 0.015625
0 0.969531 0.946094 0.014063 0.014063
0 0.970313 0.959375 0.012500 0.012500
0 0.917188 0.942969 0.018750 0.020313
0 0.459375 0.703125 0.028125 0.031250
0 0.476562 0.719531 0.021875 0.023438
0 0.439063 0.721875 0.028125 0.025000
0 0.457813 0.732812 0.021875 0.021875
0 0.476562 0.753906 0.031250 0.029687
0 0.503125 0.753125 0.025000 0.025000
0 0.523438 0.767969 0.028125 0.026562
0 0.530469 0.792969 0.026562 0.026562
0 0.496094 0.773438 0.017188 0.018750
0 0.508594 0.787500 0.020313 0.018750
0 0.514062 0.811719 0.028125 0.026562
0 0.486719 0.800781 0.029687 0.026562
0 0.489844 0.828906 0.032813 0.032813
0 0.474219 0.779687 0.026562 0.025000
0 0.394531 0.775781 0.039062 0.039062
0 0.424219 0.796875 0.035937 0.034375
0 0.457031 0.815625 0.035937 0.034375
0 0.464062 0.853906 0.037500 0.035937
0 0.557031 0.828906 0.035937 0.032813
0 0.533594 0.862500 0.045312 0.043750
0 0.498437 0.899219 0.050000 0.048438