0 0.759375 0.703125 0.028125 0.031250
0 0.776563 0.719531 0.021875 0.023438
0 0.739062 0.721875 0.028125 0.025000
0 0.757812 0.732812 0.021875 0.021875
0 0.776563 0.753906 0.031250 0.029687
0 0.803125 0.753125 0.025000 0.025000
0 0.823438 0.767969 0.028125 0.026562
0 0.830469 0.792969 0.026562 0.026562
0 0.796094 0.773438 0.017188 0.018750
0 0.808594 0.787500 0.020313 0.018750
0 0.814063 0.811719 0.028125 0.026562
0 0.786719 0.800781 0.029687 0.026562
0 0.789844 0.828906 0.032813 0.032813
0 0.774219 0.779687 0.026562 0.025000
0 0.694531 0.775781 0.039062 0.039062
0 0.724219 0.796875 0.035937 0.034375
0 0.757031 0.815625 0.035937 0.034375
0 0.764062 0.853906 0.037500 0.035937
0 0.857031 0.828906 0.035937 0.032813
0 0.833594 0.862500 0.045312 0.043750
0 0.798438 0.899219 0.050000 0.048438