0 0.832031 0.007812 0.014063 0.012500
0 0.849219 0.004687 0.014063 0.009375
0 0.923438 0.003906 0.012500 0.007812
0 0.906250 0.007031 0.012500 0.010937
0 0.882812 0.011719 0.012500 0.014063
0 0.867969 0.014844 0.014063 0.014063
0 0.853125 0.020313 0.012500 0.012500
0 0.835938 0.026562 0.015625 0.015625
0 0.779687 0.114062 0.015625 0.015625
0 0.808594 0.106250 0.014063 0.015625
0 0.794531 0.110156 0.014063 0.014063
0 0.942969 0.217969 0.014063 0.010937
0 0.947656 0.228906 0.014063 0.014063
0 0.994531 0.309375 0.010937 0.012500
0 0.990625 0.283594 0.012500 0.014063
0 0.990625 0.297656 0.012500 0.014063