0 0.933594 0.260156 0.026562 0.023438
0 0.957812 0.282813 0.021875 0.021875
0 0.982031 0.310937 0.035937 0.043750
0 0.908594 0.304688 0.035937 0.034375
0 0.940625 0.332813 0.037500 0.034375
0 0.971875 0.363281 0.037500 0.032813
0 0.992188 0.392188 0.015625 0.031250
0 0.878906 0.378125 0.035937 0.031250
0 0.906250 0.403125 0.037500 0.031250
0 0.933594 0.429688 0.035937 0.031250
0 0.850000 0.410156 0.037500 0.029687
0 0.878125 0.435937 0.037500 0.028125
0 0.905469 0.460938 0.039062 0.031250
0 0.933594 0.487500 0.035937 0.031250
0 0.960938 0.512500 0.037500 0.031250
0 0.985156 0.538281 0.029687 0.029687
0 0.962500 0.455469 0.037500 0.029687
0 0.985938 0.480469 0.028125 0.032813
0 0.832812 0.479687 0.031250 0.028125
0 0.860156 0.505469 0.035937 0.029687
0 0.887500 0.530469 0.034375 0.029687
0 0.915625 0.557031 0.037500 0.029687
0 0.943750 0.582031 0.034375 0.029687
0 0.803906 0.511719 0.035937 0.029687
0 0.832031 0.536719 0.035937 0.029687
0 0.860156 0.562500 0.035937 0.028125
0 0.886719 0.588281 0.035937 0.029687
0 0.915625 0.614062 0.037500 0.028125
0 0.728125 0.535156 0.034375 0.029687
0 0.700781 0.566406 0.035937 0.029687
0 0.760938 0.567187 0.034375 0.031250
0 0.728906 0.591406 0.035937 0.029687
0 0.789062 0.592187 0.034375 0.031250
0 0.754687 0.617969 0.025000 0.023438
0 0.778906 0.639844 0.026562 0.023438
0 0.800781 0.660156 0.026562 0.026562
0 0.814844 0.617969 0.026562 0.026562
0 0.835156 0.637500 0.029687 0.025000
0 0.857812 0.657813 0.028125 0.025000
0 0.875000 0.675781 0.018750 0.017188
0 0.844531 0.701562 0.026562 0.025000
0 0.821875 0.679688 0.028125 0.025000
0 0.777344 0.898438 0.020313 0.021875
0 0.754687 0.970313 0.043750 0.040625