0 0.992188 0.162500 0.015625 0.015625
0 0.973437 0.167187 0.015625 0.015625
0 0.980469 0.185156 0.017188 0.014063
0 0.985938 0.204687 0.018750 0.018750
0 0.990625 0.225000 0.018750 0.018750
0 0.798438 0.011719 0.050000 0.023438
0 0.493750 0.175000 0.031250 0.028125
0 0.471875 0.211719 0.031250 0.029687
0 0.535937 0.247656 0.031250 0.029687
0 0.416406 0.292969 0.057813 0.054688
0 0.500781 0.322656 0.029687 0.026562
0 0.543750 0.350781 0.037500 0.032813
0 0.458594 0.374219 0.048438 0.048438
0 0.515625 0.393750 0.037500 0.037500
0 0.596094 0.411719 0.029687 0.029687
0 0.596094 0.471094 0.026562 0.029687
0 0.556250 0.447656 0.018750 0.017188
0 0.468750 0.317188 0.015625 0.015625
0 0.973437 0.959375 0.015625 0.015625
0 0.973437 0.977344 0.015625 0.014063
0 0.975781 0.995313 0.014063 0.009375
0 0.941406 0.960938 0.020313 0.015625
0 0.914844 0.974219 0.020313 0.020313
0 0.942187 0.986719 0.021875 0.020313