0 0.846094 0.035156 0.064062 0.057813
0 0.517969 0.041406 0.048438 0.048438
0 0.607812 0.036719 0.059375 0.051562
0 0.564063 0.086719 0.059375 0.051562
0 0.718750 0.044531 0.043750 0.042188
0 0.780469 0.101562 0.048438 0.040625
0 0.674219 0.104688 0.060937 0.056250
0 0.726562 0.152344 0.065625 0.057813
0 0.627344 0.155469 0.064062 0.054688
0 0.682031 0.203125 0.060937 0.056250
0 0.971875 0.043750 0.056250 0.056250
0 0.981250 0.492188 0.037500 0.046875
0 0.978125 0.367969 0.043750 0.039062
0 0.947656 0.403125 0.045312 0.037500
0 0.917188 0.436719 0.043750 0.039062
0 0.982812 0.234375 0.034375 0.037500
0 0.957812 0.268750 0.046875 0.037500
0 0.909375 0.329688 0.056250 0.050000
0 0.867188 0.377344 0.056250 0.048438
0 0.899219 0.214844 0.045312 0.039062
0 0.842187 0.267188 0.059375 0.050000
0 0.799219 0.314844 0.054688 0.048438
0 0.837500 0.157031 0.043750 0.039062
0 0.788281 0.217969 0.045312 0.039062
0 0.749219 0.268750 0.057813 0.050000
0 0.752344 0.388281 0.010937 0.010937
0 0.744531 0.397656 0.010937 0.010937
0 0.735938 0.406250 0.012500 0.012500
0 0.646875 0.375000 0.015625 0.012500
0 0.635938 0.385937 0.015625 0.015625
0 0.614844 0.363281 0.010937 0.010937
0 0.621094 0.341406 0.010937 0.010937
0 0.612500 0.350781 0.012500 0.010937
0 0.611719 0.332813 0.014063 0.012500
0 0.601562 0.325000 0.012500 0.012500
0 0.593750 0.334375 0.012500 0.012500
0 0.601562 0.342969 0.012500 0.010937
0 0.566406 0.296094 0.010937 0.010937
0 0.567187 0.284375 0.009375 0.009375
0 0.559375 0.277344 0.009375 0.010937
0 0.554688 0.287500 0.009375 0.009375
0 0.552344 0.274219 0.010937 0.010937
0 0.539062 0.265625 0.009375 0.009375
0 0.544531 0.257812 0.010937 0.009375