0 0.502344 0.693750 0.020313 0.018750
0 0.772656 0.627344 0.017188 0.017188
0 0.786719 0.650000 0.017188 0.015625
0 0.818750 0.627344 0.021875 0.023438
0 0.839063 0.657031 0.025000 0.023438
0 0.860938 0.686719 0.018750 0.017188
0 0.808594 0.679688 0.026562 0.025000
0 0.835156 0.714063 0.029687 0.028125
0 0.875000 0.707812 0.018750 0.018750
0 0.857812 0.746875 0.034375 0.031250
0 0.889062 0.726562 0.015625 0.015625
0 0.900781 0.744531 0.017188 0.014063
0 0.878125 0.777344 0.031250 0.029687
0 0.899219 0.812500 0.020313 0.018750
0 0.916406 0.793750 0.017188 0.015625
0 0.932813 0.783594 0.015625 0.014063
0 0.945312 0.800000 0.015625 0.015625
0 0.928125 0.812500 0.012500 0.012500
0 0.912500 0.823438 0.009375 0.009375
0 0.929688 0.403125 0.015625 0.015625
0 0.914062 0.388281 0.021875 0.017188
0 0.942187 0.421094 0.015625 0.017188