0 0.985938 0.043750 0.012500 0.015625
0 0.969531 0.046094 0.014063 0.014063
0 0.970313 0.059375 0.012500 0.012500
0 0.976562 0.105469 0.012500 0.014063
0 0.988281 0.101562 0.010937 0.012500
0 0.997656 0.102344 0.004687 0.010937
0 0.978125 0.123438 0.012500 0.012500
0 0.990625 0.121875 0.009375 0.012500
0 0.978906 0.192969 0.014063 0.014063
0 0.993750 0.190625 0.012500 0.015625
0 0.987500 0.212500 0.015625 0.015625
0 0.997656 0.208594 0.004687 0.014063
0 0.986719 0.246094 0.017188 0.020313
0 0.991406 0.266406 0.017188 0.023438
0 0.996875 0.245312 0.006250 0.018750
0 0.995313 0.321094 0.009375 0.010937
0 0.836719 0.346094 0.010937 0.010937
0 0.917188 0.042969 0.018750 0.020313
0 0.880469 0.271094 0.014063 0.014063
0 0.835156 0.332031 0.014063 0.014063
0 0.903125 0.357812 0.012500 0.012500
0 0.714063 0.219531 0.012500 0.010937
0 0.707812 0.205469 0.012500 0.014063
0 0.702344 0.188281 0.017188 0.017188
0 0.692187 0.162500 0.015625 0.015625
0 0.673438 0.167187 0.015625 0.015625
0 0.680469 0.185156 0.017188 0.014063
0 0.685937 0.204687 0.018750 0.018750
0 0.691406 0.225000 0.020313 0.018750
0 0.498437 0.011719 0.050000 0.023438
0 0.193750 0.175000 0.031250 0.028125
0 0.171875 0.211719 0.031250 0.029687
0 0.235937 0.247656 0.031250 0.029687
0 0.116406 0.292969 0.057813 0.054688
0 0.200781 0.322656 0.029687 0.026562
0 0.243750 0.350781 0.037500 0.032813
0 0.158594 0.374219 0.048438 0.048438
0 0.215625 0.393750 0.037500 0.037500
0 0.296094 0.411719 0.029687 0.029687
0 0.296094 0.471094 0.026562 0.029687
0 0.256250 0.447656 0.018750 0.017188
0 0.168750 0.317188 0.015625 0.015625
0 0.876563 0.617188 0.025000 0.025000
0 0.867969 0.644531 0.014063 0.014063
0 0.764844 0.739844 0.032813 0.029687
0 0.814063 0.740625 0.046875 0.043750
0 0.888281 0.718750 0.023438 0.021875
0 0.989844 0.715625 0.020313 0.043750
0 0.995313 0.793750 0.009375 0.034375
0 0.856250 0.718750 0.015625 0.015625
0 0.875000 0.785156 0.071875 0.067187
0 0.793750 0.821094 0.071875 0.067187
0 0.937500 0.981250 0.053125 0.037500
0 0.673438 0.959375 0.015625 0.015625
0 0.673438 0.977344 0.015625 0.014063
0 0.675781 0.995313 0.014063 0.009375
0 0.641406 0.960938 0.020313 0.015625
0 0.614844 0.974219 0.020313 0.020313
0 0.642188 0.986719 0.021875 0.020313