0 0.040625 0.242188 0.046875 0.040625
0 0.145313 0.240625 0.025000 0.021875
0 0.161719 0.256250 0.023438 0.021875
0 0.200781 0.292187 0.023438 0.021875
0 0.122656 0.291406 0.064062 0.057813
0 0.075781 0.343750 0.064062 0.056250
0 0.175000 0.339062 0.065625 0.056250
0 0.127344 0.391406 0.064062 0.057813
0 0.272656 0.371875 0.051562 0.043750
0 0.322656 0.417969 0.054688 0.045312
0 0.233594 0.420312 0.057813 0.050000
0 0.279687 0.461719 0.056250 0.048438
0 0.335938 0.519531 0.046875 0.039062
0 0.178125 0.479687 0.056250 0.050000
0 0.225781 0.521875 0.057813 0.050000
0 0.290625 0.579688 0.056250 0.050000
0 0.399219 0.577344 0.045312 0.039062
0 0.344531 0.631250 0.057813 0.050000
0 0.245312 0.627344 0.059375 0.048438
0 0.301563 0.678125 0.059375 0.050000
0 0.232813 0.752344 0.050000 0.042188
0 0.189062 0.796094 0.056250 0.048438
0 0.146875 0.843750 0.056250 0.050000
0 0.171875 0.697656 0.050000 0.045312
0 0.134375 0.743750 0.056250 0.050000
0 0.090625 0.792188 0.056250 0.046875
0 0.146875 0.590625 0.050000 0.043750
0 0.110937 0.629687 0.050000 0.043750
0 0.078906 0.667969 0.045312 0.039062
0 0.047656 0.703125 0.045312 0.037500
0 0.019531 0.736719 0.039062 0.039062
0 0.088281 0.534375 0.045312 0.037500
0 0.057813 0.568750 0.046875 0.037500
0 0.018750 0.629687 0.037500 0.050000
0 0.010937 0.514844 0.021875 0.039062
0 0.542188 0.639844 0.018750 0.017188