0 0.075781 0.043750 0.064062 0.056250
0 0.175000 0.039062 0.065625 0.056250
0 0.127344 0.091406 0.064062 0.057813
0 0.272656 0.071875 0.051562 0.043750
0 0.322656 0.117969 0.054688 0.045312
0 0.233594 0.120313 0.057813 0.050000
0 0.279687 0.161719 0.056250 0.048438
0 0.335938 0.219531 0.046875 0.039062
0 0.178125 0.179688 0.056250 0.050000
0 0.225781 0.221875 0.057813 0.050000
0 0.290625 0.279687 0.056250 0.050000
0 0.399219 0.277344 0.045312 0.039062
0 0.344531 0.331250 0.057813 0.050000
0 0.245312 0.327344 0.059375 0.048438
0 0.301563 0.378125 0.059375 0.050000
0 0.232813 0.452344 0.050000 0.042188
0 0.189062 0.496094 0.056250 0.048438
0 0.146875 0.543750 0.056250 0.050000
0 0.171875 0.397656 0.050000 0.045312
0 0.134375 0.443750 0.056250 0.050000
0 0.090625 0.492188 0.056250 0.046875
0 0.146875 0.290625 0.050000 0.043750
0 0.110937 0.329688 0.050000 0.043750
0 0.078906 0.367969 0.045312 0.039062
0 0.047656 0.403125 0.045312 0.037500
0 0.019531 0.436719 0.039062 0.039062
0 0.088281 0.234375 0.045312 0.037500
0 0.057813 0.268750 0.046875 0.037500
0 0.018750 0.329688 0.037500 0.050000
0 0.010937 0.214844 0.021875 0.039062
0 0.542188 0.339844 0.018750 0.017188