0 0.345313 0.020313 0.037500 0.040625
0 0.304688 0.090625 0.031250 0.031250
0 0.305469 0.133594 0.023438 0.023438
0 0.285156 0.150781 0.023438 0.023438
0 0.443750 0.144531 0.037500 0.039062
0 0.496875 0.152344 0.034375 0.035937
0 0.541406 0.160938 0.032813 0.031250
0 0.514844 0.220312 0.045312 0.043750
0 0.433594 0.199219 0.035937 0.035937
0 0.364844 0.149219 0.026562 0.029687
0 0.361719 0.199219 0.023438 0.023438
0 0.304688 0.172656 0.021875 0.023438
0 0.342187 0.128125 0.015625 0.018750
0 0.400781 0.214844 0.017188 0.017188
0 0.471875 0.212500 0.015625 0.018750
0 0.403125 0.192969 0.012500 0.014063
0 0.406250 0.153125 0.015625 0.015625
0 0.407031 0.135156 0.017188 0.017188
0 0.475000 0.191406 0.015625 0.014063
0 0.599219 0.105469 0.017188 0.017188
0 0.580469 0.104688 0.014063 0.015625
0 0.580469 0.121094 0.014063 0.017188
0 0.597656 0.122656 0.017188 0.017188
0 0.581250 0.137500 0.012500 0.012500
0 0.583594 0.167187 0.010937 0.009375
0 0.469531 0.353906 0.014063 0.017188