0 0.020313 0.960156 0.040625 0.045312
0 0.013281 0.780469 0.026562 0.035937
0 0.013281 0.839063 0.026562 0.037500
0 0.036719 0.808594 0.039062 0.035937
0 0.033594 0.868750 0.042188 0.037500
0 0.064062 0.839063 0.040625 0.037500
0 0.063281 0.896094 0.042188 0.035937
0 0.092188 0.866406 0.040625 0.039062
0 0.100000 0.772656 0.046875 0.042188
0 0.145313 0.817187 0.046875 0.040625
0 0.135156 0.739844 0.048438 0.042188
0 0.178906 0.783594 0.048438 0.042188
0 0.167187 0.705469 0.050000 0.042188
0 0.211719 0.749219 0.048438 0.042188
0 0.200781 0.672656 0.048438 0.042188
0 0.246094 0.717187 0.048438 0.043750
0 0.239844 0.632812 0.060937 0.056250
0 0.283594 0.677344 0.060937 0.054688
0 0.040625 0.496875 0.081250 0.084375
0 0.042969 0.353125 0.085938 0.087500
0 0.109375 0.422656 0.090625 0.082812
0 0.114844 0.278906 0.092188 0.085938
0 0.183594 0.348438 0.095312 0.084375
0 0.186719 0.203906 0.089063 0.085938
0 0.256250 0.273438 0.090625 0.084375
0 0.281250 0.514844 0.093750 0.089063
0 0.350781 0.585156 0.095312 0.085938
0 0.371875 0.424219 0.090625 0.085938
0 0.440625 0.494531 0.096875 0.089063
0 0.481250 0.362500 0.028125 0.025000
0 0.503125 0.383594 0.025000 0.023438
0 0.525781 0.407813 0.026562 0.021875
0 0.585156 0.315625 0.117188 0.112500
0 0.713281 0.445312 0.114062 0.112500
0 0.700781 0.196875 0.117188 0.112500
0 0.814844 0.307812 0.117188 0.112500
0 0.315625 0.073438 0.090625 0.087500
0 0.385937 0.143750 0.090625 0.084375
0 0.468750 0.059375 0.090625 0.084375