0 0.315625 0.964844 0.090625 0.070312
0 0.399219 0.889844 0.092188 0.089063
0 0.468750 0.958594 0.090625 0.082812
0 0.482812 0.807031 0.090625 0.085938
0 0.550781 0.876563 0.089063 0.084375
0 0.700000 0.794531 0.118750 0.114062
0 0.856250 0.819531 0.115625 0.114062
0 0.523438 0.653125 0.053125 0.050000
0 0.580469 0.632812 0.054688 0.050000
0 0.646875 0.607812 0.062500 0.059375
0 0.757031 0.587500 0.079687 0.075000
0 0.850781 0.550781 0.082812 0.076563
0 0.539062 0.528906 0.059375 0.057813
0 0.606250 0.504687 0.059375 0.056250
0 0.675781 0.478906 0.060937 0.057813
0 0.817187 0.426563 0.081250 0.075000
0 0.574219 0.401562 0.070312 0.065625
0 0.539062 0.304688 0.084375 0.081250
0 0.666406 0.257812 0.070312 0.062500
0 0.761719 0.223438 0.051562 0.046875
0 0.501563 0.201563 0.084375 0.078125
0 0.630469 0.156250 0.082812 0.075000
0 0.724219 0.121875 0.082812 0.078125
0 0.442188 0.092188 0.068750 0.065625
0 0.524219 0.061719 0.070312 0.067187
0 0.620313 0.031250 0.071875 0.062500
0 0.701562 0.014063 0.065625 0.028125