0 0.442188 0.979688 0.068750 0.040625
0 0.524219 0.961719 0.070312 0.067187
0 0.620313 0.928125 0.071875 0.068750
0 0.701562 0.897656 0.065625 0.060937
0 0.675000 0.819531 0.053125 0.048438
0 0.392188 0.854688 0.068750 0.065625
0 0.475000 0.825000 0.068750 0.065625
0 0.571875 0.790625 0.081250 0.075000
0 0.650000 0.751563 0.053125 0.046875
0 0.345313 0.762500 0.068750 0.065625
0 0.425000 0.731250 0.065625 0.059375
0 0.501563 0.704688 0.068750 0.062500
0 0.547656 0.598437 0.057813 0.056250
0 0.618750 0.574219 0.040625 0.035937
0 0.600781 0.528906 0.048438 0.042188
0 0.581250 0.473438 0.053125 0.046875
0 0.516406 0.514844 0.057813 0.054688
0 0.442969 0.540625 0.067187 0.062500
0 0.365625 0.570312 0.068750 0.062500
0 0.262500 0.606250 0.084375 0.081250
0 0.206250 0.523438 0.043750 0.037500
0 0.159375 0.503906 0.037500 0.032813
0 0.192188 0.480469 0.040625 0.032813
0 0.139844 0.454688 0.039062 0.031250
0 0.178906 0.442969 0.039062 0.032813
0 0.162500 0.403125 0.043750 0.034375
0 0.285156 0.487500 0.057813 0.046875
0 0.255469 0.421094 0.051562 0.042188
0 0.235937 0.366406 0.053125 0.042188
0 0.300000 0.380469 0.056250 0.048438
0 0.280469 0.321875 0.054688 0.046875
0 0.403125 0.446875 0.031250 0.025000
0 0.432031 0.437500 0.029687 0.025000
0 0.459375 0.425781 0.031250 0.026562
0 0.488281 0.415625 0.029687 0.025000
0 0.392969 0.373437 0.051562 0.043750
0 0.450000 0.351562 0.053125 0.043750
0 0.373437 0.319531 0.053125 0.042188
0 0.354687 0.266406 0.050000 0.042188
0 0.415625 0.226562 0.059375 0.050000
0 0.458594 0.185938 0.045312 0.037500
0 0.474219 0.241406 0.045312 0.039062
0 0.504687 0.300781 0.034375 0.032813
0 0.514844 0.333594 0.035937 0.029687
0 0.525000 0.368750 0.009375 0.009375
0 0.533594 0.384375 0.017188 0.015625
0 0.538281 0.403125 0.014063 0.015625
0 0.428906 0.289844 0.057813 0.048438