0 0.501563 0.750000 0.037500 0.034375
0 0.536719 0.728125 0.048438 0.040625
0 0.582031 0.692187 0.060937 0.053125
0 0.628125 0.646094 0.062500 0.054688
0 0.674219 0.600000 0.064062 0.056250
0 0.721875 0.552344 0.059375 0.054688
0 0.767188 0.507031 0.059375 0.054688
0 0.532031 0.771094 0.045312 0.039062
0 0.556250 0.805469 0.040625 0.032813
0 0.577344 0.769531 0.048438 0.045312
0 0.630469 0.742969 0.060937 0.054688
0 0.675781 0.694531 0.060937 0.054688
0 0.721094 0.649219 0.064062 0.057813
0 0.769531 0.603125 0.060937 0.056250
0 0.814844 0.553906 0.060937 0.057813
0 0.662500 0.832031 0.046875 0.039062
0 0.696875 0.795312 0.043750 0.040625
0 0.732031 0.760156 0.045312 0.042188
0 0.769531 0.722656 0.045312 0.042188
0 0.805469 0.686719 0.045312 0.042188
0 0.841406 0.650000 0.048438 0.040625
0 0.700000 0.872656 0.046875 0.042188
0 0.736719 0.834375 0.048438 0.040625
0 0.771875 0.798438 0.046875 0.040625
0 0.809375 0.761719 0.050000 0.042188
0 0.846094 0.725000 0.048438 0.040625
0 0.881250 0.689844 0.050000 0.045312
0 0.782031 0.913281 0.060937 0.054688
0 0.825781 0.867969 0.060937 0.057813
0 0.832812 0.963281 0.062500 0.054688
0 0.877344 0.919531 0.060937 0.054688
0 0.875000 0.990625 0.056250 0.018750
0 0.915625 0.960156 0.050000 0.045312
0 0.875781 0.810156 0.042188 0.035937
0 0.906250 0.780469 0.040625 0.035937
0 0.904687 0.839063 0.043750 0.037500
0 0.936719 0.808594 0.039062 0.035937
0 0.933594 0.868750 0.042188 0.037500
0 0.964063 0.839063 0.040625 0.037500
0 0.963281 0.896094 0.042188 0.035937
0 0.985938 0.866406 0.028125 0.039062
0 0.988281 0.772656 0.023438 0.042188
0 0.863281 0.428125 0.092188 0.087500
0 0.935937 0.496875 0.090625 0.084375
0 0.939844 0.353125 0.092188 0.087500