0 0.025000 0.267188 0.031250 0.031250
0 0.082812 0.292969 0.031250 0.029687
0 0.030469 0.405469 0.039062 0.035937
0 0.010937 0.457031 0.021875 0.032813
0 0.215625 0.479687 0.028125 0.031250
0 0.270313 0.504687 0.031250 0.031250
0 0.407031 0.372656 0.023438 0.023438
0 0.403906 0.402344 0.023438 0.023438
0 0.544531 0.535156 0.067187 0.067187
0 0.528906 0.648438 0.067187 0.065625
0 0.086719 0.724219 0.020313 0.020313
0 0.241406 0.719531 0.020313 0.020313
0 0.266406 0.741406 0.017188 0.017188
0 0.229687 0.747656 0.018750 0.020313
0 0.250000 0.772656 0.018750 0.017188
0 0.219531 0.777344 0.020313 0.020313
0 0.240625 0.798438 0.018750 0.018750
0 0.207813 0.803906 0.018750 0.017188
0 0.070312 0.831250 0.012500 0.015625
0 0.048438 0.810937 0.025000 0.021875
0 0.099219 0.829688 0.014063 0.015625
0 0.084375 0.856250 0.015625 0.015625
0 0.107813 0.850000 0.012500 0.012500
0 0.128125 0.834375 0.015625 0.015625
0 0.135937 0.855469 0.015625 0.017188
0 0.148438 0.875000 0.012500 0.012500
0 0.157031 0.891406 0.014063 0.014063
0 0.117188 0.868750 0.012500 0.012500
0 0.126562 0.889062 0.012500 0.012500
0 0.134375 0.905469 0.012500 0.010937
0 0.144531 0.921875 0.014063 0.012500
0 0.096875 0.882031 0.012500 0.014063
0 0.109375 0.911719 0.015625 0.014063
0 0.121875 0.929688 0.012500 0.012500
0 0.051562 0.853125 0.015625 0.015625
0 0.024219 0.864062 0.017188 0.018750
0 0.044531 0.902344 0.014063 0.017188
0 0.064844 0.946875 0.017188 0.015625
0 0.185156 0.988281 0.029687 0.023438
0 0.350000 0.961719 0.015625 0.014063
0 0.164844 0.907031 0.014063 0.014063