0 0.925000 0.267188 0.031250 0.031250
0 0.982812 0.292969 0.031250 0.029687
0 0.871094 0.377344 0.029687 0.029687
0 0.930469 0.405469 0.039062 0.035937
0 0.849219 0.436719 0.032813 0.035937
0 0.905469 0.457031 0.032813 0.032813
0 0.986719 0.724219 0.020313 0.020313
0 0.970313 0.831250 0.012500 0.015625
0 0.948438 0.810937 0.025000 0.021875
0 0.996094 0.829688 0.007812 0.015625
0 0.984375 0.856250 0.015625 0.015625
0 0.995313 0.882031 0.009375 0.014063
0 0.951562 0.853125 0.015625 0.015625
0 0.924219 0.864062 0.017188 0.018750
0 0.944531 0.902344 0.014063 0.017188
0 0.964844 0.946875 0.017188 0.015625