0 0.134375 0.005469 0.012500 0.010937
0 0.144531 0.021875 0.014063 0.012500
0 0.109375 0.011719 0.015625 0.014063
0 0.121875 0.029687 0.012500 0.012500
0 0.044531 0.005469 0.014063 0.010937
0 0.064844 0.046875 0.017188 0.015625
0 0.185156 0.092969 0.029687 0.032813
0 0.135937 0.129688 0.031250 0.034375
0 0.164062 0.180469 0.028125 0.032813
0 0.215625 0.147656 0.031250 0.035937
0 0.242969 0.200781 0.032813 0.035937
0 0.192969 0.229687 0.029687 0.028125
0 0.314063 0.243750 0.025000 0.025000
0 0.263281 0.267188 0.026562 0.028125
0 0.221875 0.288281 0.025000 0.023438
0 0.328125 0.278125 0.025000 0.025000
0 0.282813 0.298438 0.021875 0.021875
0 0.245312 0.316406 0.025000 0.026562
0 0.367188 0.364063 0.025000 0.025000
0 0.331250 0.378906 0.025000 0.023438
0 0.385156 0.401562 0.023438 0.025000
0 0.345313 0.420312 0.025000 0.025000
0 0.403906 0.438281 0.026562 0.023438
0 0.364063 0.460938 0.025000 0.025000
0 0.420312 0.470313 0.025000 0.025000
0 0.438281 0.508594 0.023438 0.026562
0 0.246875 0.442969 0.037500 0.035937
0 0.276562 0.495312 0.034375 0.034375
0 0.316406 0.555469 0.035937 0.035937
0 0.374219 0.575781 0.035937 0.035937
0 0.350000 0.061719 0.015625 0.014063
0 0.760156 0.736719 0.010937 0.010937
0 0.768750 0.728125 0.009375 0.009375
0 0.778906 0.721875 0.007812 0.009375
0 0.789062 0.715625 0.009375 0.009375
0 0.798438 0.707812 0.009375 0.009375
0 0.164844 0.007031 0.014063 0.014063