0 0.415625 0.896875 0.050000 0.050000
0 0.667969 0.516406 0.042188 0.045312
0 0.526563 0.321094 0.025000 0.023438
0 0.528125 0.358594 0.025000 0.026562
0 0.492969 0.321875 0.023438 0.021875
0 0.485156 0.360938 0.020313 0.021875
0 0.457031 0.327344 0.020313 0.020313
0 0.456250 0.359375 0.018750 0.018750
0 0.416406 0.325781 0.032813 0.032813
0 0.432812 0.362500 0.025000 0.025000
0 0.401562 0.364844 0.021875 0.023438
0 0.280469 0.891406 0.007812 0.010937
0 0.279687 0.876563 0.012500 0.009375
0 0.280469 0.860938 0.010937 0.009375
0 0.279687 0.843750 0.015625 0.012500
0 0.281250 0.829688 0.012500 0.015625
0 0.325781 0.885938 0.026562 0.028125
0 0.328125 0.860156 0.018750 0.020313
0 0.328125 0.835156 0.018750 0.017188
0 0.334375 0.964844 0.031250 0.032813
0 0.100000 0.893750 0.034375 0.037500
0 0.125000 0.899219 0.018750 0.020313