0 0.129688 0.934375 0.112500 0.115625
0 0.333594 0.931250 0.104688 0.109375
0 0.503906 0.928906 0.104688 0.110937
0 0.680469 0.801562 0.029687 0.028125
0 0.741406 0.800781 0.032813 0.029687
0 0.800000 0.799219 0.031250 0.032813
0 0.858594 0.799219 0.026562 0.026562
0 0.916406 0.799219 0.029687 0.029687
0 0.975781 0.799219 0.029687 0.029687
0 0.680469 0.854688 0.029687 0.028125
0 0.742188 0.852344 0.031250 0.029687
0 0.800781 0.853125 0.032813 0.028125
0 0.860156 0.852344 0.026562 0.023438
0 0.917188 0.852344 0.028125 0.026562
0 0.976562 0.851562 0.031250 0.028125
0 0.681250 0.992188 0.031250 0.015625