0 0.039062 0.111719 0.025000 0.029687
0 0.076563 0.117969 0.025000 0.032813
0 0.060937 0.177344 0.065625 0.070312
0 0.052344 0.383594 0.054688 0.057813
0 0.051562 0.453125 0.056250 0.059375
0 0.010937 0.646094 0.021875 0.057813
0 0.054688 0.825781 0.084375 0.085938
0 0.189844 0.117188 0.023438 0.021875
0 0.214062 0.117969 0.021875 0.023438
0 0.259375 0.116406 0.025000 0.026562
0 0.294531 0.118750 0.023438 0.028125
0 0.210938 0.180469 0.056250 0.057813
0 0.281250 0.180469 0.056250 0.057813
0 0.209375 0.253906 0.053125 0.057813
0 0.283594 0.255469 0.057813 0.060937
0 0.385937 0.115625 0.025000 0.028125
0 0.418750 0.114062 0.028125 0.031250
0 0.479687 0.114844 0.034375 0.035937
0 0.400781 0.178906 0.057813 0.057813
0 0.471875 0.180469 0.056250 0.057813
0 0.400781 0.251563 0.054688 0.059375
0 0.219531 0.456250 0.067187 0.068750
0 0.307031 0.380469 0.060937 0.057813
0 0.375000 0.380469 0.059375 0.057813
0 0.435156 0.381250 0.045312 0.046875
0 0.489063 0.380469 0.046875 0.048438
0 0.489844 0.450781 0.048438 0.048438
0 0.437500 0.447656 0.040625 0.042188
0 0.377344 0.450000 0.057813 0.059375
0 0.307031 0.451562 0.057813 0.062500
0 0.475781 0.637500 0.048438 0.046875
0 0.475781 0.696094 0.048438 0.048438
0 0.404687 0.694531 0.046875 0.048438
0 0.403906 0.639062 0.045312 0.046875
0 0.333594 0.639844 0.045312 0.048438
0 0.333594 0.695312 0.042188 0.046875
0 0.269531 0.639844 0.035937 0.035937
0 0.267188 0.695312 0.037500 0.040625
0 0.210938 0.639844 0.037500 0.039062
0 0.210156 0.694531 0.035937 0.039062
0 0.219531 0.865625 0.054688 0.059375
0 0.389062 0.868750 0.065625 0.068750
0 0.472656 0.868750 0.067187 0.068750
0 0.643750 0.135156 0.084375 0.085938
0 0.765625 0.130469 0.084375 0.085938
0 0.641406 0.238281 0.085938 0.089063
0 0.767188 0.235937 0.081250 0.084375
0 0.891406 0.132031 0.079687 0.085938
0 0.985156 0.107813 0.029687 0.046875
0 0.892188 0.239063 0.081250 0.087500
0 0.626563 0.378125 0.053125 0.053125
0 0.697656 0.376563 0.054688 0.056250
0 0.762500 0.376563 0.034375 0.034375
0 0.626563 0.450000 0.053125 0.056250
0 0.697656 0.448437 0.051562 0.053125
0 0.763281 0.449219 0.029687 0.032813
0 0.835938 0.436719 0.021875 0.026562
0 0.921094 0.402344 0.032813 0.032813
0 0.979688 0.374219 0.040625 0.045312
0 0.923438 0.446094 0.028125 0.026562
0 0.978906 0.443750 0.042188 0.050000
0 0.635938 0.636719 0.043750 0.042188
0 0.700000 0.635156 0.040625 0.042188
0 0.765625 0.635156 0.034375 0.032813
0 0.823438 0.635938 0.031250 0.031250
0 0.634375 0.692187 0.046875 0.043750
0 0.696875 0.692969 0.043750 0.045312
0 0.794531 0.688281 0.051562 0.054688
0 0.938281 0.633594 0.045312 0.045312
0 0.991406 0.635938 0.017188 0.034375
0 0.991406 0.689063 0.017188 0.031250
0 0.940625 0.691406 0.040625 0.045312