0 0.091406 0.107813 0.042188 0.046875
0 0.157031 0.103906 0.039062 0.039062
0 0.016406 0.239063 0.032813 0.087500
0 0.021094 0.402344 0.032813 0.032813
0 0.082031 0.374219 0.045312 0.045312
0 0.153125 0.374219 0.046875 0.045312
0 0.023438 0.446094 0.028125 0.026562
0 0.083594 0.443750 0.051562 0.050000
0 0.153125 0.446094 0.053125 0.054688
0 0.038281 0.633594 0.045312 0.045312
0 0.098437 0.635938 0.031250 0.034375
0 0.157031 0.629687 0.032813 0.031250
0 0.157812 0.688281 0.034375 0.035937
0 0.099219 0.689063 0.032813 0.031250
0 0.040625 0.691406 0.040625 0.045312
0 0.715625 0.896875 0.050000 0.050000
0 0.967969 0.516406 0.042188 0.045312
0 0.826562 0.321094 0.025000 0.023438
0 0.828125 0.358594 0.025000 0.026562
0 0.792969 0.321875 0.023438 0.021875
0 0.785156 0.360938 0.020313 0.021875
0 0.757031 0.327344 0.020313 0.020313
0 0.756250 0.359375 0.018750 0.018750
0 0.716406 0.325781 0.032813 0.032813
0 0.732812 0.362500 0.025000 0.025000
0 0.701562 0.364844 0.021875 0.023438
0 0.580469 0.891406 0.007812 0.010937
0 0.579688 0.876563 0.012500 0.009375
0 0.580469 0.860938 0.010937 0.009375
0 0.579688 0.843750 0.015625 0.012500
0 0.581250 0.829688 0.012500 0.015625
0 0.625781 0.885938 0.026562 0.028125
0 0.628125 0.860156 0.018750 0.020313
0 0.628125 0.835156 0.018750 0.017188
0 0.634375 0.964844 0.031250 0.032813
0 0.400000 0.893750 0.034375 0.037500
0 0.425000 0.899219 0.018750 0.020313