0 0.129688 0.046094 0.112500 0.092188
0 0.132031 0.235156 0.104688 0.114062
0 0.333594 0.042969 0.104688 0.085938
0 0.503906 0.042188 0.104688 0.084375
0 0.503906 0.233594 0.107813 0.110937
0 0.335156 0.232031 0.104688 0.107813
0 0.135937 0.494531 0.106250 0.107813
0 0.336719 0.496875 0.104688 0.112500
0 0.505469 0.496875 0.107813 0.115625
0 0.138281 0.700000 0.104688 0.115625
0 0.338281 0.700000 0.104688 0.109375
0 0.507812 0.700781 0.106250 0.114062
0 0.681250 0.100000 0.031250 0.031250
0 0.701562 0.195312 0.053125 0.053125
0 0.779687 0.195312 0.043750 0.043750
0 0.889062 0.175781 0.062500 0.064062
0 0.871094 0.112500 0.035937 0.037500
0 0.939063 0.111719 0.025000 0.029687
0 0.976562 0.117969 0.025000 0.032813
0 0.960938 0.177344 0.065625 0.070312
0 0.887500 0.256250 0.062500 0.065625
0 0.700000 0.462500 0.068750 0.068750
0 0.793750 0.385156 0.056250 0.057813
0 0.872656 0.383594 0.054688 0.057813
0 0.952344 0.383594 0.054688 0.057813
0 0.794531 0.455469 0.054688 0.060937
0 0.871875 0.453906 0.059375 0.060937
0 0.951562 0.453125 0.056250 0.059375
0 0.690625 0.713281 0.021875 0.023438
0 0.690625 0.685937 0.021875 0.021875
0 0.689844 0.660156 0.023438 0.023438
0 0.689063 0.637500 0.021875 0.021875
0 0.750781 0.648438 0.054688 0.056250
0 0.820312 0.647656 0.056250 0.057813
0 0.895312 0.646094 0.053125 0.057813
0 0.747656 0.709375 0.032813 0.034375
0 0.796875 0.708594 0.028125 0.032813
0 0.846875 0.708594 0.031250 0.035937
0 0.892969 0.708594 0.035937 0.035937
0 0.856250 0.828906 0.084375 0.085938
0 0.954688 0.825781 0.084375 0.085938