0 0.060156 0.363281 0.020313 0.023438
0 0.058594 0.422656 0.023438 0.020313
0 0.056250 0.482031 0.021875 0.020313
0 0.157031 0.371094 0.020313 0.023438
0 0.157031 0.427344 0.017188 0.017188
0 0.154688 0.485938 0.018750 0.018750
0 0.259375 0.333594 0.037500 0.035937
0 0.258594 0.405469 0.035937 0.035937
0 0.257031 0.480469 0.039062 0.039062
0 0.382812 0.485156 0.031250 0.032813
0 0.383594 0.415625 0.029687 0.031250
0 0.384375 0.344531 0.034375 0.032813
0 0.496875 0.310937 0.046875 0.046875
0 0.496875 0.394531 0.046875 0.042188
0 0.495312 0.480469 0.050000 0.048438
0 0.676562 0.292187 0.050000 0.053125
0 0.689063 0.405469 0.059375 0.060937
0 0.700000 0.521094 0.059375 0.064062
0 0.877344 0.295312 0.060937 0.062500
0 0.907813 0.482031 0.065625 0.076563
0 0.775000 0.013281 0.015625 0.014063
0 0.807813 0.010937 0.018750 0.018750
0 0.774219 0.167187 0.007812 0.009375
0 0.570312 0.156250 0.009375 0.009375
0 0.571094 0.146094 0.007812 0.010937