0 0.124219 0.636719 0.085938 0.085938
0 0.292969 0.639844 0.085938 0.085938
0 0.460156 0.642969 0.085938 0.085938
0 0.120313 0.859375 0.087500 0.084375
0 0.289062 0.863281 0.084375 0.085938
0 0.457813 0.866406 0.084375 0.089063
0 0.638281 0.882031 0.051562 0.051562
0 0.775000 0.913281 0.015625 0.014063
0 0.807813 0.910937 0.018750 0.018750
0 0.646875 0.567187 0.034375 0.031250
0 0.690625 0.317188 0.075000 0.078125
0 0.802344 0.321094 0.076563 0.076563
0 0.805469 0.206250 0.073438 0.075000
0 0.691406 0.203906 0.076563 0.076563