0 0.121875 0.610938 0.009375 0.009375
0 0.103125 0.611719 0.009375 0.010937
0 0.764062 0.115625 0.075000 0.075000
0 0.742188 0.260937 0.018750 0.018750
0 0.804688 0.260156 0.021875 0.023438
0 0.742188 0.325000 0.034375 0.037500
0 0.804688 0.326562 0.031250 0.034375
0 0.731250 0.436719 0.031250 0.032813
0 0.834375 0.435937 0.028125 0.034375
0 0.833594 0.497656 0.026562 0.029687
0 0.730469 0.506250 0.032813 0.034375
0 0.960156 0.363281 0.020313 0.023438
0 0.958594 0.422656 0.023438 0.020313
0 0.956250 0.482031 0.021875 0.020313
0 0.499219 0.383594 0.045312 0.045312
0 0.606250 0.114844 0.015625 0.017188
0 0.236719 0.125000 0.023438 0.018750
0 0.127344 0.110937 0.014063 0.015625
0 0.267188 0.123438 0.025000 0.025000