0 0.986719 0.182031 0.026562 0.045312
0 0.989062 0.078906 0.021875 0.026562
0 0.954688 0.097656 0.028125 0.026562
0 0.920312 0.121094 0.034375 0.029687
0 0.878906 0.155469 0.048438 0.045312
0 0.822656 0.143750 0.045312 0.046875
0 0.860156 0.108594 0.032813 0.029687
0 0.896094 0.086719 0.026562 0.026562
0 0.932813 0.066406 0.028125 0.026562
0 0.967969 0.046094 0.026562 0.026562
0 0.908594 0.271875 0.020313 0.018750
0 0.911719 0.254688 0.017188 0.018750
0 0.953125 0.266406 0.015625 0.014063
0 0.967187 0.269531 0.012500 0.014063
0 0.980469 0.271875 0.014063 0.015625
0 0.977344 0.287500 0.014063 0.012500
0 0.948438 0.279687 0.015625 0.015625
0 0.966406 0.285156 0.014063 0.014063
0 0.977344 0.286719 0.014063 0.014063