0 0.092188 0.978906 0.028125 0.026562
0 0.054688 0.992188 0.028125 0.015625
0 0.032813 0.966406 0.028125 0.026562
0 0.067969 0.946094 0.026562 0.026562
0 0.535156 0.989844 0.042188 0.020313
0 0.548438 0.950000 0.043750 0.040625
0 0.562500 0.895312 0.043750 0.043750
0 0.576562 0.840625 0.043750 0.043750
0 0.521094 0.829688 0.042188 0.043750
0 0.507812 0.881250 0.043750 0.043750
0 0.493750 0.937500 0.040625 0.043750
0 0.479687 0.984375 0.043750 0.031250
0 0.468750 0.817187 0.043750 0.043750
0 0.453906 0.871094 0.042188 0.042188
0 0.439844 0.925781 0.042188 0.045312
0 0.426563 0.978906 0.040625 0.042188
0 0.353125 0.990625 0.037500 0.018750
0 0.360938 0.940625 0.046875 0.046875
0 0.381250 0.892969 0.021875 0.023438
0 0.388281 0.841406 0.035937 0.035937
0 0.398438 0.796094 0.037500 0.035937
0 0.357031 0.779687 0.035937 0.034375
0 0.307031 0.772656 0.042188 0.045312
0 0.324219 0.825781 0.045312 0.045312
0 0.342187 0.883594 0.046875 0.045312
0 0.303125 0.928906 0.043750 0.045312
0 0.285938 0.871094 0.043750 0.045312
0 0.265625 0.813281 0.043750 0.045312
0 0.246094 0.757031 0.045312 0.045312
0 0.189062 0.744531 0.043750 0.045312
0 0.208594 0.800781 0.045312 0.048438
0 0.227344 0.857031 0.045312 0.045312
0 0.245312 0.915625 0.046875 0.046875
0 0.188281 0.902344 0.045312 0.048438
0 0.170313 0.844531 0.046875 0.045312
0 0.149219 0.785937 0.045312 0.046875
0 0.192969 0.666406 0.048438 0.045312
0 0.225781 0.621094 0.048438 0.045312
0 0.045312 0.500781 0.034375 0.035937