0 0.489063 0.263281 0.056250 0.057813
0 0.507031 0.205469 0.054688 0.057813
0 0.409375 0.325000 0.015625 0.015625
0 0.407031 0.307031 0.017188 0.017188
0 0.410938 0.291406 0.018750 0.017188
0 0.396875 0.332813 0.012500 0.012500
0 0.385156 0.328906 0.014063 0.014063
0 0.389062 0.318750 0.012500 0.015625
0 0.375781 0.316406 0.014063 0.017188
0 0.373437 0.327344 0.012500 0.014063
0 0.362500 0.312500 0.012500 0.012500
0 0.360156 0.325000 0.014063 0.012500
0 0.348438 0.321875 0.012500 0.012500
0 0.350000 0.310156 0.012500 0.014063
0 0.373437 0.297656 0.012500 0.014063
0 0.360156 0.294531 0.014063 0.014063
0 0.306250 0.247656 0.025000 0.026562
0 0.312500 0.221094 0.028125 0.029687
0 0.279687 0.225781 0.028125 0.026562
0 0.274219 0.257812 0.029687 0.028125
0 0.207031 0.207813 0.029687 0.028125
0 0.156250 0.194531 0.046875 0.045312
0 0.096875 0.182031 0.046875 0.045312
0 0.137500 0.147656 0.031250 0.029687
0 0.113281 0.112500 0.026562 0.028125
0 0.092188 0.078906 0.028125 0.026562
0 0.054688 0.097656 0.028125 0.026562
0 0.020313 0.121094 0.034375 0.029687
0 0.032813 0.066406 0.028125 0.026562
0 0.067969 0.046094 0.026562 0.026562
0 0.535156 0.101562 0.042188 0.043750
0 0.548438 0.050000 0.043750 0.040625
0 0.493750 0.037500 0.040625 0.043750
0 0.479687 0.089844 0.043750 0.042188
0 0.439844 0.025781 0.042188 0.045312
0 0.426563 0.078906 0.040625 0.042188
0 0.353125 0.100000 0.037500 0.037500
0 0.360938 0.040625 0.046875 0.046875
0 0.303125 0.028906 0.043750 0.045312
0 0.245312 0.019531 0.046875 0.039062
0 0.188281 0.013281 0.045312 0.026562
0 0.930469 0.329688 0.026562 0.028125
0 0.009375 0.271875 0.018750 0.018750
0 0.011719 0.254688 0.017188 0.018750
0 0.053125 0.266406 0.015625 0.014063
0 0.067187 0.269531 0.012500 0.014063
0 0.080469 0.271875 0.014063 0.015625
0 0.077344 0.287500 0.014063 0.012500
0 0.048438 0.279687 0.015625 0.015625
0 0.066406 0.285156 0.014063 0.014063
0 0.077344 0.286719 0.014063 0.014063
0 0.861719 0.450781 0.014063 0.014063
0 0.389844 0.284375 0.010937 0.012500
0 0.378125 0.284375 0.012500 0.012500
0 0.366406 0.280469 0.010937 0.010937
0 0.357031 0.278906 0.010937 0.010937
0 0.381250 0.245312 0.018750 0.015625
0 0.393750 0.261719 0.018750 0.017188