0 0.450000 0.128125 0.015625 0.015625
0 0.432812 0.119531 0.018750 0.017188
0 0.414062 0.115625 0.018750 0.018750
0 0.396875 0.110937 0.012500 0.015625
0 0.418750 0.135156 0.015625 0.014063
0 0.399219 0.133594 0.017188 0.017188
0 0.410156 0.148438 0.014063 0.012500
0 0.402344 0.163281 0.014063 0.017188
0 0.387500 0.153125 0.015625 0.018750
0 0.382031 0.122656 0.017188 0.017188
0 0.369531 0.140625 0.017188 0.018750
0 0.364844 0.113281 0.017188 0.017188
0 0.348438 0.102344 0.015625 0.017188
0 0.353906 0.130469 0.014063 0.017188
0 0.338281 0.120313 0.017188 0.018750
0 0.321875 0.108594 0.015625 0.017188
0 0.305469 0.099219 0.017188 0.020313
0 0.289062 0.087500 0.015625 0.018750
0 0.374219 0.179688 0.023438 0.025000
0 0.350000 0.164062 0.025000 0.025000
0 0.325000 0.146875 0.025000 0.028125
0 0.300000 0.129688 0.025000 0.025000
0 0.275000 0.114062 0.025000 0.025000
0 0.250781 0.097656 0.023438 0.023438
0 0.225781 0.082031 0.026562 0.023438
0 0.359375 0.205469 0.025000 0.026562
0 0.334375 0.189062 0.025000 0.025000
0 0.309375 0.172656 0.025000 0.026562
0 0.284375 0.155469 0.025000 0.026562
0 0.260156 0.139844 0.023438 0.026562
0 0.235937 0.121875 0.025000 0.025000
0 0.210938 0.106250 0.025000 0.025000
0 0.185938 0.089844 0.025000 0.026562
0 0.160938 0.075000 0.025000 0.028125
0 0.717187 0.539062 0.031250 0.031250
0 0.710156 0.587500 0.029687 0.031250
0 0.661719 0.655469 0.029687 0.029687
0 0.649219 0.599219 0.017188 0.020313
0 0.640625 0.617969 0.018750 0.017188
0 0.631250 0.635156 0.018750 0.020313
0 0.609375 0.610938 0.015625 0.018750
0 0.598437 0.634375 0.015625 0.015625
0 0.609375 0.650000 0.012500 0.015625
0 0.620313 0.665625 0.006250 0.009375
0 0.657813 0.575000 0.015625 0.015625
0 0.625781 0.568750 0.010937 0.015625
0 0.615625 0.588281 0.012500 0.014063
0 0.757812 0.305469 0.018750 0.020313
0 0.778125 0.310156 0.018750 0.020313
0 0.800781 0.311719 0.017188 0.020313
0 0.819531 0.316406 0.017188 0.020313
0 0.746094 0.325781 0.020313 0.020313
0 0.769531 0.332031 0.023438 0.023438
0 0.795312 0.335938 0.028125 0.025000
0 0.796875 0.364063 0.028125 0.028125
0 0.767969 0.359375 0.026562 0.028125
0 0.739844 0.350781 0.023438 0.026562
0 0.820312 0.272656 0.028125 0.029687
0 0.826562 0.236719 0.028125 0.035937
0 0.784375 0.208594 0.034375 0.032813
0 0.770312 0.260156 0.040625 0.042188
0 0.747656 0.232031 0.017188 0.017188
0 0.751563 0.213281 0.018750 0.020313
0 0.755469 0.193750 0.020313 0.018750
0 0.760938 0.173437 0.018750 0.018750
0 0.780469 0.178125 0.014063 0.018750
0 0.771875 0.160938 0.009375 0.009375
0 0.782813 0.162500 0.009375 0.012500
0 0.793750 0.164062 0.009375 0.012500
0 0.799219 0.182031 0.014063 0.017188
0 0.846875 0.210938 0.012500 0.015625
0 0.851562 0.186719 0.012500 0.014063
0 0.818750 0.202344 0.009375 0.010937
0 0.824219 0.180469 0.007812 0.010937
0 0.843750 0.171875 0.009375 0.012500
0 0.856250 0.175000 0.009375 0.009375
0 0.805469 0.166406 0.010937 0.010937
0 0.739062 0.198437 0.009375 0.009375
0 0.796875 0.425781 0.009375 0.010937
0 0.784375 0.423438 0.009375 0.009375
0 0.789844 0.440625 0.017188 0.018750
0 0.771094 0.433594 0.017188 0.017188
0 0.753125 0.426563 0.018750 0.018750
0 0.743750 0.413281 0.006250 0.007812
0 0.732031 0.409375 0.010937 0.012500
0 0.719531 0.403125 0.010937 0.012500
0 0.710156 0.393750 0.007812 0.009375
0 0.707031 0.402344 0.007812 0.007812
0 0.787500 0.457031 0.009375 0.014063
0 0.775781 0.453125 0.010937 0.012500
0 0.761719 0.448437 0.010937 0.012500
0 0.749219 0.442969 0.010937 0.010937
0 0.735156 0.425000 0.010937 0.012500
0 0.721875 0.419531 0.009375 0.010937
0 0.710938 0.414844 0.009375 0.010937
0 0.700781 0.422656 0.010937 0.010937
0 0.712500 0.427344 0.009375 0.010937
0 0.723437 0.433594 0.009375 0.010937
0 0.736719 0.437500 0.010937 0.012500
0 0.714844 0.438281 0.007812 0.007812
0 0.726562 0.444531 0.006250 0.007812
0 0.942969 0.430469 0.010937 0.014063
0 0.955469 0.476562 0.017188 0.018750
0 0.960156 0.459375 0.007812 0.009375
0 0.958594 0.447656 0.007812 0.007812
0 0.936719 0.476562 0.020313 0.018750
0 0.943750 0.444531 0.012500 0.014063
0 0.944531 0.459375 0.014063 0.015625
0 0.954688 0.412500 0.006250 0.009375
0 0.956250 0.423438 0.006250 0.009375
0 0.957031 0.436719 0.007812 0.007812
0 0.417187 0.485156 0.068750 0.070312