0 0.074219 0.933594 0.045312 0.045312
0 0.082812 0.850000 0.018750 0.021875
0 0.098437 0.862500 0.018750 0.021875
0 0.110937 0.846094 0.018750 0.020313
0 0.131250 0.879687 0.018750 0.018750
0 0.142187 0.864844 0.018750 0.020313
0 0.153906 0.852344 0.020313 0.020313
0 0.138281 0.841406 0.020313 0.017188
0 0.132812 0.823438 0.015625 0.018750
0 0.187500 0.896094 0.018750 0.017188
0 0.165625 0.935937 0.018750 0.018750
0 0.191406 0.921094 0.023438 0.026562
0 0.218750 0.926562 0.021875 0.021875
0 0.189844 0.953906 0.026562 0.026562
0 0.242188 0.989062 0.021875 0.021875
0 0.271875 0.989062 0.025000 0.021875
0 0.234375 0.721875 0.025000 0.025000
0 0.244531 0.781250 0.020313 0.021875
0 0.629687 0.992188 0.025000 0.015625
0 0.612500 0.983594 0.018750 0.020313
0 0.629687 0.968750 0.025000 0.025000
0 0.610938 0.953906 0.018750 0.020313
0 0.627344 0.939844 0.023438 0.023438
0 0.575781 0.863281 0.020313 0.020313
0 0.622656 0.849219 0.029687 0.032813
0 0.440625 0.492969 0.028125 0.029687
0 0.496875 0.488281 0.034375 0.035937
0 0.492188 0.421094 0.031250 0.032813
0 0.594531 0.410156 0.042188 0.042188
0 0.616406 0.321875 0.035937 0.037500
0 0.682031 0.321094 0.035937 0.039062
0 0.674219 0.409375 0.045312 0.043750
0 0.754687 0.410938 0.059375 0.059375
0 0.746094 0.317188 0.048438 0.046875
0 0.811719 0.314844 0.051562 0.048438
0 0.828906 0.421094 0.042188 0.042188
0 0.878125 0.317188 0.050000 0.050000
0 0.943750 0.314063 0.050000 0.050000
0 0.885938 0.417969 0.040625 0.042188
0 0.943750 0.417187 0.043750 0.043750
0 0.803906 0.525781 0.023438 0.023438
0 0.839063 0.524219 0.021875 0.023438
0 0.875000 0.521875 0.021875 0.021875
0 0.910156 0.521094 0.023438 0.023438
0 0.946094 0.521094 0.023438 0.023438
0 0.981250 0.517188 0.018750 0.018750
0 0.973437 0.189844 0.046875 0.045312
0 0.912500 0.189062 0.046875 0.046875
0 0.697656 0.218750 0.020313 0.021875
0 0.658594 0.217188 0.020313 0.021875