0 0.074219 0.033594 0.045312 0.045312
0 0.165625 0.035937 0.018750 0.018750
0 0.191406 0.021094 0.023438 0.026562
0 0.218750 0.026562 0.021875 0.021875
0 0.189844 0.053906 0.026562 0.026562
0 0.242188 0.090625 0.021875 0.025000
0 0.271875 0.089844 0.025000 0.023438
0 0.272656 0.118750 0.023438 0.025000
0 0.248438 0.113281 0.018750 0.017188
0 0.531250 0.205469 0.031250 0.029687
0 0.532031 0.246094 0.029687 0.029687
0 0.571875 0.245312 0.031250 0.034375
0 0.570312 0.202344 0.031250 0.029687
0 0.605469 0.200000 0.023438 0.025000
0 0.631250 0.199219 0.025000 0.023438
0 0.630469 0.228906 0.023438 0.023438
0 0.633594 0.262500 0.023438 0.025000
0 0.601562 0.271094 0.034375 0.035937
0 0.624219 0.131250 0.029687 0.031250
0 0.629687 0.096875 0.025000 0.025000
0 0.612500 0.083594 0.018750 0.020313
0 0.629687 0.068750 0.025000 0.025000
0 0.610938 0.053906 0.018750 0.020313
0 0.627344 0.039844 0.023438 0.023438