0 0.235937 0.954688 0.050000 0.053125
0 0.163281 0.955469 0.051562 0.051562
0 0.382812 0.963281 0.065625 0.064062
0 0.507812 0.959375 0.065625 0.062500
0 0.595313 0.957031 0.065625 0.064062
0 0.589063 0.773438 0.065625 0.065625
0 0.503125 0.778125 0.065625 0.065625
0 0.379688 0.779687 0.065625 0.065625
0 0.262500 0.781250 0.059375 0.059375
0 0.086719 0.786719 0.067187 0.067187
0 0.079687 0.614062 0.068750 0.065625
0 0.257812 0.612500 0.062500 0.062500
0 0.375781 0.610156 0.067187 0.067187
0 0.498437 0.605469 0.062500 0.064062
0 0.585156 0.603125 0.067187 0.068750
0 0.582031 0.435156 0.067187 0.067187
0 0.493750 0.435156 0.068750 0.067187
0 0.371094 0.439844 0.064062 0.064062
0 0.254688 0.442188 0.062500 0.062500
0 0.075000 0.447656 0.065625 0.064062