0 0.073438 0.530469 0.109375 0.114062
0 0.039062 0.683594 0.078125 0.114062
0 0.241406 0.585156 0.114062 0.114062
0 0.189844 0.738281 0.114062 0.117188
0 0.132812 0.895312 0.103125 0.115625
0 0.300781 0.949219 0.076563 0.079687
0 0.338281 0.842969 0.073438 0.079687
0 0.375000 0.735938 0.078125 0.081250
0 0.410938 0.631250 0.075000 0.081250
0 0.514062 0.896094 0.100000 0.114062
0 0.667188 0.947656 0.112500 0.104688
0 0.817187 0.972656 0.109375 0.054688
0 0.960156 0.965625 0.079687 0.068750
0 0.655469 0.751563 0.110937 0.109375
0 0.777344 0.795312 0.104688 0.109375
0 0.658594 0.403125 0.079687 0.081250
0 0.745313 0.428906 0.075000 0.079687
0 0.773438 0.343750 0.081250 0.081250
0 0.685937 0.316406 0.081250 0.073438
0 0.860938 0.328125 0.031250 0.034375
0 0.928906 0.357031 0.032813 0.032813
0 0.478125 0.432812 0.078125 0.084375
0 0.507031 0.344531 0.079687 0.079687
0 0.537500 0.258594 0.078125 0.073438
0 0.434375 0.157031 0.090625 0.089063
0 0.394531 0.269531 0.089063 0.089063
0 0.354687 0.380469 0.084375 0.095312
0 0.237500 0.341406 0.090625 0.092188
0 0.103125 0.275781 0.084375 0.085938
0 0.135937 0.170313 0.081250 0.084375
0 0.171094 0.067969 0.079687 0.085938
0 0.276562 0.226562 0.093750 0.090625
0 0.316406 0.115625 0.092188 0.093750
0 0.018750 0.235937 0.037500 0.087500
0 0.035156 0.133594 0.070312 0.085938
0 0.065625 0.036719 0.075000 0.073438
0 0.480469 0.031250 0.085938 0.062500
0 0.580469 0.132031 0.079687 0.089063
0 0.612500 0.040625 0.078125 0.081250