0 0.964063 0.931250 0.071875 0.084375
0 0.799219 0.967969 0.089063 0.064062
0 0.677344 0.877344 0.110937 0.120313
0 0.839844 0.814063 0.117188 0.128125
0 0.985156 0.828125 0.029687 0.075000
0 0.419531 0.930469 0.085938 0.095312
0 0.509375 0.887500 0.065625 0.078125
0 0.482812 0.988281 0.043750 0.023438
0 0.520312 0.962500 0.050000 0.059375
0 0.075781 0.703125 0.039062 0.043750
0 0.103125 0.667188 0.040625 0.043750
0 0.138281 0.692187 0.035937 0.040625
0 0.113281 0.720313 0.042188 0.050000
0 0.201563 0.733594 0.028125 0.029687
0 0.175000 0.768750 0.031250 0.037500
0 0.232031 0.757031 0.026562 0.029687
0 0.206250 0.790625 0.028125 0.034375
0 0.250781 0.771094 0.023438 0.023438