0 0.171094 0.962500 0.079687 0.075000
0 0.065625 0.931250 0.075000 0.084375
0 0.102344 0.828125 0.064062 0.075000
0 0.214062 0.855469 0.081250 0.095312
0 0.361719 0.876563 0.085938 0.090625
0 0.480469 0.916406 0.085938 0.092188
0 0.259375 0.765625 0.056250 0.062500
0 0.612500 0.939844 0.078125 0.082812
0 0.417969 0.718750 0.089063 0.087500
0 0.517969 0.781250 0.104688 0.106250
0 0.678906 0.791406 0.085938 0.095312
0 0.721094 0.671875 0.085938 0.096875
0 0.811719 0.735938 0.089063 0.096875
0 0.842187 0.845313 0.100000 0.093750
0 0.910937 0.503125 0.040625 0.043750
0 0.892969 0.444531 0.032813 0.035937