0 0.019531 0.360938 0.039062 0.090625
0 0.138281 0.468750 0.082812 0.096875
0 0.109375 0.360156 0.081250 0.092188
0 0.249219 0.470313 0.079687 0.093750
0 0.376563 0.662500 0.053125 0.056250
0 0.401562 0.596875 0.053125 0.053125
0 0.503906 0.714063 0.107813 0.109375
0 0.559375 0.551562 0.115625 0.118750
0 0.610156 0.399219 0.104688 0.117188
0 0.779687 0.457813 0.106250 0.112500
0 0.959375 0.530469 0.081250 0.114062
0 0.922656 0.683594 0.110937 0.114062
0 0.725000 0.610938 0.106250 0.112500
0 0.673438 0.770312 0.106250 0.109375
0 0.868750 0.836719 0.109375 0.114062
0 0.980469 0.275781 0.039062 0.085938
0 0.897656 0.235937 0.079687 0.087500
0 0.931250 0.133594 0.078125 0.085938
0 0.964063 0.036719 0.071875 0.073438
0 0.757812 0.202344 0.084375 0.095312
0 0.799219 0.083594 0.089063 0.095312
0 0.626563 0.133594 0.112500 0.120313
0 0.047656 0.292969 0.048438 0.057813
0 0.100000 0.221094 0.028125 0.035937
0 0.148438 0.258594 0.028125 0.029687
0 0.192188 0.408594 0.050000 0.051562
0 0.189062 0.528906 0.037500 0.035937
0 0.342187 0.393750 0.034375 0.037500
0 0.304688 0.365625 0.034375 0.034375
0 0.381250 0.297656 0.046875 0.048438
0 0.298438 0.235937 0.056250 0.065625
0 0.192969 0.157031 0.064062 0.067187
0 0.342187 0.109375 0.068750 0.065625
0 0.400000 0.199219 0.081250 0.089063
0 0.419531 0.039062 0.085938 0.078125
0 0.482812 0.105469 0.043750 0.057813
0 0.520312 0.062500 0.050000 0.059375