0 0.019531 0.145313 0.032813 0.028125
0 0.035937 0.250000 0.040625 0.034375
0 0.013281 0.293750 0.026562 0.037500
0 0.085938 0.310156 0.037500 0.032813
0 0.085156 0.371875 0.029687 0.028125
0 0.472656 0.057031 0.017188 0.017188
0 0.453906 0.063281 0.017188 0.017188
0 0.479687 0.081250 0.015625 0.021875
0 0.460156 0.082812 0.017188 0.018750
0 0.467969 0.102344 0.020313 0.017188
0 0.472656 0.120313 0.020313 0.018750
0 0.603906 0.639062 0.048438 0.046875
0 0.670312 0.682031 0.068750 0.064062
0 0.681250 0.617969 0.031250 0.026562
0 0.670312 0.517969 0.034375 0.026562
0 0.728906 0.982812 0.051562 0.034375
0 0.818750 0.985938 0.046875 0.028125
0 0.867188 0.990625 0.031250 0.018750
0 0.802344 0.689844 0.039062 0.039062
0 0.796094 0.615625 0.048438 0.046875
0 0.853125 0.607031 0.050000 0.045312
0 0.902344 0.592969 0.039062 0.035937
0 0.919531 0.665625 0.073438 0.071875
0 0.936719 0.597656 0.023438 0.023438
0 0.959375 0.577344 0.028125 0.026562
0 0.967969 0.603906 0.020313 0.017188
0 0.969531 0.621094 0.020313 0.014063
0 0.846875 0.700781 0.028125 0.020313
0 0.654687 0.621875 0.021875 0.021875
0 0.849219 0.008594 0.017188 0.017188
0 0.830469 0.010156 0.017188 0.017188
0 0.812500 0.014844 0.018750 0.017188
0 0.793750 0.016406 0.015625 0.014063
0 0.779687 0.020313 0.015625 0.015625
0 0.782031 0.003906 0.010937 0.007812
0 0.794531 0.003906 0.010937 0.007812
0 0.840625 0.078125 0.021875 0.021875
0 0.857031 0.096094 0.023438 0.020313
0 0.833594 0.102344 0.026562 0.023438
0 0.820312 0.082031 0.021875 0.023438
0 0.813281 0.106250 0.023438 0.021875
0 0.807031 0.088281 0.026562 0.023438
0 0.793750 0.108594 0.021875 0.020313
0 0.787500 0.089844 0.021875 0.023438
0 0.771875 0.092188 0.025000 0.021875
0 0.778906 0.110937 0.023438 0.025000
0 0.864844 0.134375 0.029687 0.028125
0 0.841406 0.139844 0.026562 0.026562
0 0.816406 0.160938 0.026562 0.025000
0 0.799219 0.144531 0.029687 0.029687
0 0.784375 0.165625 0.018750 0.021875
0 0.841406 0.235156 0.026562 0.029687
0 0.819531 0.247656 0.023438 0.026562
0 0.799219 0.261719 0.026562 0.029687
0 0.966406 0.067187 0.067187 0.078125
0 0.916406 0.250000 0.017188 0.015625
0 0.920312 0.225781 0.018750 0.017188
0 0.909375 0.235937 0.018750 0.018750
0 0.889844 0.233594 0.023438 0.020313
0 0.895312 0.249219 0.018750 0.017188
0 0.873437 0.157812 0.025000 0.018750
0 0.857031 0.158594 0.023438 0.020313
0 0.825000 0.200000 0.018750 0.015625
0 0.810156 0.203125 0.020313 0.018750
0 0.911719 0.989844 0.023438 0.020313
0 0.939063 0.982031 0.021875 0.020313