0 0.182031 0.674219 0.035937 0.035937
0 0.210938 0.696094 0.034375 0.032813
0 0.243750 0.713281 0.034375 0.032813
0 0.288281 0.797656 0.048438 0.045312
0 0.321094 0.760156 0.042188 0.042188
0 0.342969 0.726562 0.029687 0.031250
0 0.147656 0.853125 0.023438 0.021875
0 0.258594 0.753125 0.042188 0.040625
0 0.226562 0.618750 0.025000 0.025000
0 0.249219 0.599219 0.032813 0.026562
0 0.243750 0.629687 0.015625 0.015625
0 0.257812 0.649219 0.028125 0.026562
0 0.264844 0.676562 0.026562 0.021875
0 0.275781 0.700781 0.029687 0.026562
0 0.282031 0.729688 0.035937 0.031250
0 0.291406 0.685937 0.017188 0.015625
0 0.304688 0.713281 0.031250 0.026562
0 0.286719 0.650000 0.026562 0.025000
0 0.303125 0.662500 0.018750 0.018750
0 0.314063 0.667188 0.021875 0.018750
0 0.316406 0.689844 0.026562 0.020313
0 0.275781 0.667969 0.014063 0.014063
0 0.266406 0.618750 0.026562 0.021875
0 0.472656 0.957031 0.017188 0.017188
0 0.453906 0.963281 0.017188 0.017188
0 0.479687 0.981250 0.015625 0.021875
0 0.460156 0.982812 0.017188 0.018750
0 0.685156 0.647656 0.032813 0.026562
0 0.683594 0.677344 0.023438 0.017188
0 0.686719 0.699219 0.023438 0.017188
0 0.689844 0.719531 0.023438 0.017188
0 0.692969 0.740625 0.026562 0.018750
0 0.718750 0.697656 0.040625 0.035937
0 0.750000 0.680469 0.034375 0.026562
0 0.732031 0.644531 0.042188 0.035937
0 0.764062 0.655469 0.025000 0.020313
0 0.761719 0.632812 0.023438 0.018750
0 0.891406 0.698438 0.042188 0.031250
0 0.919531 0.761719 0.054688 0.048438
0 0.967187 0.692187 0.065625 0.075000
0 0.729688 0.764062 0.031250 0.025000
0 0.740625 0.742969 0.025000 0.020313
0 0.762500 0.728906 0.021875 0.017188
0 0.760938 0.761719 0.025000 0.020313
0 0.793750 0.718750 0.025000 0.018750
0 0.785937 0.745313 0.031250 0.025000
0 0.817187 0.703906 0.037500 0.032813
0 0.820312 0.739844 0.037500 0.032813
0 0.825781 0.795312 0.014063 0.015625
0 0.818750 0.806250 0.015625 0.012500
0 0.839063 0.821094 0.012500 0.010937
0 0.822656 0.819531 0.014063 0.014063
0 0.829688 0.835156 0.015625 0.014063
0 0.809375 0.836719 0.009375 0.010937
0 0.807813 0.825000 0.009375 0.009375
0 0.762500 0.843750 0.015625 0.012500
0 0.778125 0.842969 0.015625 0.014063
0 0.796094 0.862500 0.007812 0.006250
0 0.794531 0.854688 0.007812 0.009375
0 0.786719 0.856250 0.007812 0.009375
0 0.776563 0.855469 0.009375 0.007812
0 0.844531 0.891406 0.014063 0.014063
0 0.827344 0.894531 0.017188 0.014063
0 0.809375 0.896094 0.018750 0.014063
0 0.849219 0.908594 0.017188 0.017188
0 0.830469 0.910156 0.017188 0.017188
0 0.812500 0.914844 0.018750 0.017188
0 0.793750 0.916406 0.015625 0.014063
0 0.779687 0.920312 0.015625 0.015625
0 0.782031 0.903125 0.010937 0.009375
0 0.794531 0.902344 0.010937 0.010937
0 0.840625 0.978125 0.021875 0.021875
0 0.857031 0.992969 0.023438 0.014063
0 0.833594 0.995313 0.026562 0.009375
0 0.820312 0.982031 0.021875 0.023438
0 0.807031 0.988281 0.026562 0.023438
0 0.787500 0.989062 0.021875 0.021875
0 0.771875 0.990625 0.025000 0.018750
0 0.966406 0.964063 0.067187 0.071875
0 0.887500 0.375781 0.062500 0.054688
0 0.979688 0.342969 0.040625 0.082812
0 0.915625 0.183594 0.081250 0.076563