0 0.278125 0.492188 0.021875 0.021875
0 0.268750 0.510156 0.025000 0.020313
0 0.261719 0.528906 0.020313 0.020313
0 0.242969 0.517969 0.023438 0.020313
0 0.252344 0.498437 0.023438 0.021875
0 0.465625 0.800781 0.015625 0.020313
0 0.450781 0.795312 0.017188 0.018750
0 0.434375 0.787500 0.018750 0.018750
0 0.421875 0.781250 0.018750 0.018750
0 0.400781 0.757031 0.020313 0.017188
0 0.471094 0.784375 0.020313 0.018750
0 0.458594 0.780469 0.017188 0.020313
0 0.446094 0.773438 0.017188 0.018750
0 0.434375 0.769531 0.018750 0.020313
0 0.419531 0.764062 0.020313 0.021875
0 0.381250 0.746875 0.018750 0.018750
0 0.159375 0.630469 0.018750 0.020313
0 0.144531 0.625781 0.017188 0.020313
0 0.152344 0.608594 0.023438 0.017188
0 0.162500 0.593750 0.018750 0.018750
0 0.169531 0.580469 0.023438 0.017188
0 0.273438 0.242188 0.025000 0.025000
0 0.296875 0.255469 0.028125 0.023438
0 0.638281 0.355469 0.020313 0.020313
0 0.860156 0.526563 0.023438 0.028125
0 0.874219 0.497656 0.023438 0.026562
0 0.760938 0.421094 0.021875 0.017188
0 0.777344 0.428906 0.023438 0.017188