0 0.097656 0.197656 0.110937 0.107813
0 0.171094 0.404687 0.042188 0.037500
0 0.168750 0.354687 0.046875 0.040625
0 0.214062 0.393750 0.056250 0.046875
0 0.222656 0.313281 0.064062 0.054688
0 0.317969 0.375000 0.067187 0.062500
0 0.225781 0.049219 0.035937 0.035937
0 0.260937 0.091406 0.031250 0.035937
0 0.227344 0.097656 0.035937 0.039062
0 0.270313 0.047656 0.043750 0.032813
0 0.339062 0.091406 0.021875 0.020313
0 0.285938 0.171094 0.037500 0.035937
0 0.310156 0.201563 0.029687 0.031250
0 0.325000 0.169531 0.040625 0.042188
0 0.347656 0.218750 0.054688 0.046875
0 0.385937 0.193750 0.050000 0.043750
0 0.352344 0.158594 0.029687 0.029687
0 0.382812 0.152344 0.031250 0.032813
0 0.610938 0.569531 0.031250 0.029687
0 0.579688 0.577344 0.043750 0.042188
0 0.581250 0.161719 0.034375 0.029687
0 0.574219 0.126562 0.039062 0.034375
0 0.546094 0.167187 0.035937 0.037500
0 0.514844 0.173437 0.039062 0.037500
0 0.533594 0.133594 0.039062 0.035937
0 0.497656 0.139844 0.042188 0.042188
0 0.457031 0.147656 0.039062 0.042188
0 0.506250 0.043750 0.065625 0.062500
0 0.453125 0.058594 0.046875 0.042188
0 0.454688 0.019531 0.059375 0.039062