0 0.064844 0.958594 0.129688 0.082812
0 0.992969 0.863281 0.014063 0.023438
0 0.907031 0.673438 0.020313 0.021875
0 0.693750 0.742969 0.050000 0.042188
0 0.666406 0.759375 0.020313 0.018750
0 0.646875 0.768750 0.021875 0.021875
0 0.697656 0.664062 0.039062 0.031250
0 0.664062 0.683594 0.040625 0.035937
0 0.631250 0.703125 0.034375 0.025000
0 0.678125 0.627344 0.040625 0.032813
0 0.640625 0.646875 0.046875 0.037500
0 0.606250 0.664062 0.031250 0.028125
0 0.320312 0.487500 0.059375 0.053125
0 0.013281 0.570312 0.026562 0.021875
0 0.267188 0.517969 0.056250 0.045312
0 0.578906 0.518750 0.123438 0.115625
0 0.520312 0.371875 0.121875 0.112500
0 0.664062 0.189062 0.121875 0.112500
0 0.818750 0.051562 0.125000 0.103125
0 0.936719 0.050000 0.029687 0.025000
0 0.927344 0.024219 0.029687 0.020313
0 0.418750 0.239844 0.134375 0.114062
0 0.374219 0.067187 0.060937 0.053125
0 0.312500 0.101562 0.065625 0.056250
0 0.260156 0.133594 0.060937 0.054688
0 0.312500 0.014844 0.087500 0.029687
0 0.213281 0.046875 0.089063 0.081250