0 0.771094 0.391406 0.029687 0.029687
0 0.792969 0.353125 0.029687 0.031250
0 0.813281 0.313281 0.029687 0.029687
0 0.833594 0.272656 0.029687 0.032813
0 0.875000 0.240625 0.021875 0.025000
0 0.725781 0.365625 0.039062 0.031250
0 0.746875 0.326562 0.028125 0.025000
0 0.765625 0.286719 0.025000 0.026562
0 0.785156 0.246094 0.029687 0.026562
0 0.900000 0.157812 0.037500 0.034375
0 0.850781 0.129688 0.039062 0.037500
0 0.925000 0.106250 0.037500 0.034375
0 0.977344 0.233594 0.014063 0.014063
0 0.957031 0.221875 0.010937 0.015625
0 0.964844 0.208594 0.010937 0.014063
0 0.771094 0.117969 0.017188 0.020313
0 0.988281 0.217188 0.010937 0.012500
0 0.996094 0.199219 0.007812 0.010937
0 0.973437 0.195312 0.009375 0.012500
0 0.985156 0.170313 0.010937 0.012500
0 0.875781 0.081250 0.035937 0.034375
0 0.651563 0.327344 0.053125 0.045312
0 0.687500 0.267188 0.056250 0.046875
0 0.561719 0.278125 0.048438 0.043750
0 0.619531 0.228906 0.039062 0.035937
0 0.587500 0.212500 0.037500 0.034375
0 0.770312 0.117188 0.025000 0.018750
0 0.746094 0.105469 0.017188 0.020313
0 0.759375 0.084375 0.018750 0.018750
0 0.736719 0.071094 0.023438 0.020313
0 0.724219 0.092969 0.020313 0.020313
0 0.701562 0.079687 0.021875 0.021875
0 0.712500 0.060156 0.018750 0.020313
0 0.689063 0.046875 0.018750 0.018750
0 0.676562 0.066406 0.018750 0.020313
0 0.886719 0.367188 0.020313 0.018750
0 0.896094 0.350781 0.020313 0.017188
0 0.980469 0.036719 0.039062 0.045312
0 0.946875 0.011719 0.028125 0.023438
0 0.935156 0.032813 0.029687 0.025000
0 0.807813 0.056250 0.028125 0.021875
0 0.821094 0.033594 0.032813 0.026562
0 0.778125 0.034375 0.018750 0.018750
0 0.765625 0.028125 0.018750 0.018750
0 0.750000 0.019531 0.018750 0.020313
0 0.735156 0.009375 0.026562 0.018750
0 0.806250 0.017188 0.021875 0.015625
0 0.793750 0.010937 0.018750 0.018750
0 0.776563 0.005469 0.021875 0.010937
0 0.514062 0.181250 0.037500 0.034375
0 0.533594 0.142969 0.042188 0.035937
0 0.555469 0.103125 0.045312 0.040625
0 0.510938 0.078125 0.040625 0.034375
0 0.492188 0.114062 0.040625 0.037500
0 0.475781 0.163281 0.039062 0.032813
0 0.463281 0.203125 0.045312 0.040625
0 0.429688 0.032813 0.018750 0.015625
0 0.439063 0.016406 0.021875 0.017188
0 0.391406 0.020313 0.045312 0.040625
0 0.379688 0.077344 0.053125 0.048438
0 0.358594 0.120313 0.032813 0.028125
0 0.333594 0.158594 0.051562 0.042188
0 0.310937 0.126562 0.031250 0.025000
0 0.321094 0.096094 0.042188 0.035937
0 0.328125 0.048438 0.053125 0.046875