0 0.023438 0.761719 0.046875 0.048438
0 0.071875 0.692187 0.075000 0.075000
0 0.071094 0.964063 0.076563 0.071875
0 0.432031 0.968750 0.114062 0.062500
0 0.291406 0.882031 0.120313 0.117188
0 0.604688 0.954688 0.118750 0.090625
0 0.248438 0.686719 0.112500 0.114062
0 0.465625 0.757812 0.115625 0.112500
0 0.884375 0.965625 0.121875 0.068750
0 0.699219 0.817187 0.120313 0.115625
0 0.871875 0.778906 0.121875 0.114062
0 0.825000 0.601562 0.131250 0.121875
0 0.995313 0.497656 0.009375 0.023438
0 0.731250 0.442188 0.037500 0.031250
0 0.682813 0.464062 0.034375 0.028125
0 0.506250 0.442188 0.034375 0.028125
0 0.475000 0.442969 0.025000 0.026562
0 0.639062 0.650000 0.125000 0.115625
0 0.408594 0.632031 0.032813 0.032813
0 0.373437 0.626563 0.034375 0.037500
0 0.364844 0.530469 0.032813 0.032813
0 0.331250 0.528906 0.031250 0.026562
0 0.242188 0.489063 0.090625 0.084375
0 0.229687 0.352344 0.087500 0.082812
0 0.344531 0.317188 0.035937 0.037500
0 0.340625 0.243750 0.034375 0.034375
0 0.296094 0.251563 0.039062 0.037500
0 0.253125 0.232813 0.025000 0.025000
0 0.223438 0.235937 0.025000 0.025000
0 0.103125 0.342969 0.087500 0.082812
0 0.112500 0.217188 0.056250 0.053125
0 0.265625 0.172656 0.028125 0.023438
0 0.235937 0.157031 0.028125 0.026562
0 0.204687 0.141406 0.031250 0.026562
0 0.173437 0.125000 0.034375 0.031250
0 0.128125 0.117188 0.053125 0.053125
0 0.028125 0.183594 0.056250 0.076563
0 0.251563 0.104688 0.031250 0.028125
0 0.217969 0.091406 0.032813 0.029687
0 0.186719 0.077344 0.032813 0.026562
0 0.156250 0.062500 0.031250 0.028125
0 0.117188 0.046875 0.043750 0.040625
0 0.410938 0.097656 0.068750 0.070312
0 0.525781 0.078125 0.095312 0.096875
0 0.642188 0.051562 0.093750 0.090625
0 0.354687 0.031250 0.068750 0.062500