0 0.278125 0.792188 0.021875 0.021875
0 0.268750 0.810156 0.025000 0.020313
0 0.261719 0.828906 0.020313 0.020313
0 0.242969 0.817969 0.023438 0.020313
0 0.252344 0.798438 0.023438 0.021875
0 0.159375 0.930469 0.018750 0.020313
0 0.144531 0.925781 0.017188 0.020313
0 0.152344 0.908594 0.023438 0.017188
0 0.162500 0.893750 0.018750 0.018750
0 0.169531 0.880469 0.023438 0.017188
0 0.273438 0.542188 0.025000 0.025000
0 0.296875 0.555469 0.028125 0.023438
0 0.638281 0.655469 0.020313 0.020313
0 0.860156 0.826562 0.023438 0.028125
0 0.874219 0.797656 0.023438 0.026562
0 0.760938 0.721094 0.021875 0.017188
0 0.777344 0.728906 0.023438 0.017188