0 0.875781 0.981250 0.035937 0.034375
0 0.759375 0.984375 0.018750 0.018750
0 0.736719 0.971094 0.023438 0.020313
0 0.724219 0.991406 0.020313 0.017188
0 0.701562 0.979688 0.021875 0.021875
0 0.712500 0.960156 0.018750 0.020313
0 0.689063 0.946875 0.018750 0.018750
0 0.676562 0.966406 0.018750 0.020313
0 0.980469 0.936719 0.039062 0.045312
0 0.958594 0.889844 0.023438 0.020313
0 0.946875 0.910937 0.028125 0.025000
0 0.935156 0.932813 0.029687 0.025000
0 0.807813 0.956250 0.028125 0.021875
0 0.821094 0.933594 0.032813 0.026562
0 0.778125 0.934375 0.018750 0.018750
0 0.765625 0.928125 0.018750 0.018750
0 0.750000 0.919531 0.018750 0.020313
0 0.735156 0.907813 0.026562 0.021875
0 0.711719 0.891406 0.035937 0.029687
0 0.806250 0.917188 0.021875 0.015625
0 0.793750 0.910937 0.018750 0.018750
0 0.776563 0.901563 0.021875 0.018750
0 0.762500 0.894531 0.025000 0.023438
0 0.745313 0.885156 0.025000 0.023438
0 0.730469 0.875781 0.023438 0.023438
0 0.715625 0.867969 0.021875 0.014063
0 0.555469 0.991406 0.045312 0.017188
0 0.510938 0.978125 0.040625 0.034375
0 0.429688 0.932813 0.018750 0.015625
0 0.439063 0.916406 0.021875 0.017188
0 0.391406 0.919531 0.045312 0.042188
0 0.379688 0.976562 0.053125 0.046875
0 0.321094 0.989062 0.042188 0.021875
0 0.328125 0.948438 0.053125 0.046875
0 0.344531 0.894531 0.051562 0.048438
0 0.233594 0.767969 0.023438 0.023438
0 0.307031 0.718750 0.014063 0.015625
0 0.292187 0.710156 0.012500 0.017188
0 0.225000 0.639062 0.050000 0.046875
0 0.258594 0.655469 0.014063 0.014063
0 0.312500 0.585938 0.021875 0.018750
0 0.290625 0.615625 0.025000 0.021875
0 0.272656 0.605469 0.023438 0.020313
0 0.175781 0.596875 0.026562 0.028125
0 0.232813 0.497656 0.031250 0.026562
0 0.205469 0.510938 0.023438 0.018750
0 0.228906 0.522656 0.023438 0.023438
0 0.424219 0.409375 0.020313 0.021875
0 0.401562 0.400000 0.025000 0.025000
0 0.524219 0.309375 0.029687 0.028125
0 0.490625 0.257031 0.018750 0.023438
0 0.473438 0.247656 0.015625 0.017188
0 0.479687 0.280469 0.021875 0.017188
0 0.463281 0.271875 0.017188 0.015625
0 0.257031 0.373437 0.020313 0.018750