0 0.010937 0.592969 0.021875 0.035937
0 0.028125 0.665625 0.056250 0.071875
0 0.036719 0.597656 0.023438 0.023438
0 0.059375 0.577344 0.028125 0.026562
0 0.067969 0.603906 0.020313 0.017188
0 0.069531 0.621094 0.020313 0.014063
0 0.154688 0.684375 0.028125 0.025000
0 0.195312 0.678906 0.028125 0.026562
0 0.235937 0.669531 0.034375 0.029687
0 0.434375 0.473438 0.043750 0.040625
0 0.472656 0.478906 0.020313 0.020313
0 0.468750 0.460938 0.021875 0.018750
0 0.463281 0.406250 0.026562 0.021875
0 0.442969 0.410938 0.020313 0.018750
0 0.518750 0.471094 0.062500 0.060937
0 0.589844 0.446875 0.048438 0.043750
0 0.540625 0.389062 0.025000 0.021875
0 0.588281 0.379688 0.039062 0.034375
0 0.428125 0.412500 0.012500 0.015625
0 0.514844 0.318750 0.026562 0.025000
0 0.496094 0.322656 0.032813 0.026562
0 0.416406 0.414844 0.017188 0.010937
0 0.376563 0.338281 0.037500 0.023438
0 0.350781 0.342187 0.035937 0.031250
0 0.410938 0.275000 0.053125 0.043750
0 0.265625 0.338281 0.040625 0.035937
0 0.249219 0.292969 0.060937 0.051562
0 0.189062 0.303906 0.056250 0.051562
0 0.225000 0.355469 0.062500 0.054688
0 0.791406 0.546875 0.042188 0.043750
0 0.873437 0.534375 0.056250 0.053125
0 0.729688 0.587500 0.040625 0.034375
0 0.721875 0.540625 0.043750 0.034375
0 0.071094 0.067187 0.076563 0.078125
0 0.171094 0.154688 0.082812 0.081250
0 0.265625 0.135156 0.078125 0.079687
0 0.432031 0.092188 0.114062 0.109375
0 0.604688 0.064844 0.118750 0.110937
0 0.736719 0.179688 0.114062 0.109375
0 0.971094 0.197656 0.057813 0.107813
0 0.884375 0.086719 0.121875 0.110937
0 0.016406 0.250000 0.017188 0.015625
0 0.020313 0.225781 0.018750 0.017188
0 0.009375 0.235937 0.018750 0.018750
0 0.742188 0.699219 0.025000 0.020313
0 0.011719 0.989844 0.023438 0.020313
0 0.039062 0.982031 0.021875 0.020313