0 0.471094 0.391406 0.029687 0.029687
0 0.492969 0.353125 0.029687 0.031250
0 0.513281 0.313281 0.029687 0.029687
0 0.533594 0.272656 0.029687 0.032813
0 0.575000 0.240625 0.021875 0.025000
0 0.425781 0.365625 0.039062 0.031250
0 0.446875 0.326562 0.028125 0.025000
0 0.465625 0.286719 0.025000 0.026562
0 0.485156 0.246094 0.029687 0.026562
0 0.600000 0.157812 0.037500 0.034375
0 0.550781 0.129688 0.039062 0.037500
0 0.625000 0.106250 0.037500 0.034375
0 0.677344 0.233594 0.014063 0.014063
0 0.657031 0.221875 0.010937 0.015625
0 0.664844 0.208594 0.010937 0.014063
0 0.471094 0.117969 0.017188 0.020313
0 0.688281 0.217188 0.010937 0.012500
0 0.697656 0.199219 0.010937 0.010937
0 0.673438 0.195312 0.009375 0.012500
0 0.685156 0.170313 0.010937 0.012500
0 0.575781 0.081250 0.035937 0.034375
0 0.351562 0.327344 0.053125 0.045312
0 0.387500 0.267188 0.056250 0.046875
0 0.261719 0.278125 0.048438 0.043750
0 0.319531 0.228906 0.039062 0.035937
0 0.287500 0.212500 0.037500 0.034375
0 0.470313 0.117188 0.025000 0.018750
0 0.446094 0.105469 0.017188 0.020313
0 0.459375 0.084375 0.018750 0.018750
0 0.436719 0.071094 0.023438 0.020313
0 0.424219 0.092969 0.020313 0.020313
0 0.401562 0.079687 0.021875 0.021875
0 0.412500 0.060156 0.018750 0.020313
0 0.389062 0.046875 0.018750 0.018750
0 0.376563 0.066406 0.018750 0.020313
0 0.586719 0.367188 0.020313 0.018750
0 0.596094 0.350781 0.020313 0.017188
0 0.737500 0.064062 0.053125 0.046875
0 0.688281 0.036719 0.054688 0.045312
0 0.646875 0.011719 0.028125 0.023438
0 0.635156 0.032813 0.029687 0.025000
0 0.507812 0.056250 0.028125 0.021875
0 0.521094 0.033594 0.032813 0.026562
0 0.478125 0.034375 0.018750 0.018750
0 0.465625 0.028125 0.018750 0.018750
0 0.450000 0.019531 0.018750 0.020313
0 0.435156 0.009375 0.026562 0.018750
0 0.506250 0.017188 0.021875 0.015625
0 0.493750 0.010937 0.018750 0.018750
0 0.476562 0.005469 0.021875 0.010937
0 0.214062 0.181250 0.037500 0.034375
0 0.233594 0.142969 0.042188 0.035937
0 0.255469 0.103125 0.045312 0.040625
0 0.210938 0.078125 0.040625 0.034375
0 0.192188 0.114062 0.040625 0.037500
0 0.175781 0.163281 0.039062 0.032813
0 0.163281 0.203125 0.045312 0.040625
0 0.129688 0.032813 0.018750 0.015625
0 0.139063 0.016406 0.021875 0.017188
0 0.091406 0.020313 0.045312 0.040625
0 0.079687 0.077344 0.053125 0.048438
0 0.058594 0.120313 0.032813 0.028125
0 0.033594 0.158594 0.051562 0.042188
0 0.013281 0.126562 0.026562 0.025000
0 0.021094 0.096094 0.042188 0.035937
0 0.028125 0.048438 0.053125 0.046875