0 0.793750 0.750781 0.037500 0.039062
0 0.741406 0.846094 0.026562 0.023438
0 0.698438 0.863281 0.025000 0.023438
0 0.707031 0.721094 0.020313 0.017188
0 0.607031 0.673438 0.020313 0.021875
0 0.393750 0.742969 0.050000 0.042188
0 0.366406 0.759375 0.020313 0.018750
0 0.346875 0.768750 0.021875 0.021875
0 0.397656 0.664062 0.039062 0.031250
0 0.364063 0.683594 0.040625 0.035937
0 0.331250 0.703125 0.034375 0.025000
0 0.378125 0.627344 0.040625 0.032813
0 0.340625 0.646875 0.046875 0.037500
0 0.306250 0.664062 0.031250 0.028125
0 0.025000 0.487500 0.050000 0.053125
0 0.278906 0.518750 0.123438 0.115625
0 0.220312 0.371875 0.121875 0.112500
0 0.364063 0.189062 0.121875 0.112500
0 0.518750 0.051562 0.125000 0.103125
0 0.636719 0.050000 0.029687 0.025000
0 0.627344 0.024219 0.029687 0.020313
0 0.118750 0.239844 0.134375 0.114062
0 0.074219 0.067187 0.060937 0.053125
0 0.022656 0.101562 0.045312 0.056250
0 0.028125 0.014844 0.056250 0.029687