0 0.217969 0.988281 0.032813 0.023438
0 0.186719 0.977344 0.032813 0.026562
0 0.156250 0.962500 0.031250 0.028125
0 0.117188 0.946875 0.043750 0.040625
0 0.410938 0.981250 0.068750 0.037500
0 0.525781 0.964844 0.095312 0.070312
0 0.642188 0.951562 0.093750 0.090625
0 0.543750 0.871094 0.078125 0.085938
0 0.442188 0.886719 0.075000 0.073438
0 0.354687 0.929688 0.068750 0.065625
0 0.252344 0.858594 0.045312 0.042188
0 0.202344 0.826562 0.051562 0.053125
0 0.109375 0.801562 0.071875 0.071875
0 0.137500 0.719531 0.050000 0.048438
0 0.282813 0.796875 0.071875 0.062500
0 0.213281 0.760938 0.057813 0.056250
0 0.271094 0.667188 0.079687 0.068750
0 0.437500 0.737500 0.068750 0.062500
0 0.545312 0.723437 0.034375 0.031250
0 0.775781 0.756250 0.079687 0.081250
0 0.764062 0.639062 0.075000 0.078125
0 0.625000 0.705469 0.078125 0.073438
0 0.604688 0.607031 0.078125 0.070312
0 0.451562 0.652344 0.068750 0.064062
0 0.514062 0.604688 0.059375 0.053125
0 0.382812 0.528125 0.053125 0.050000
0 0.444531 0.515625 0.057813 0.056250
0 0.482031 0.445312 0.032813 0.034375
0 0.510938 0.477344 0.034375 0.032813
0 0.542188 0.510938 0.043750 0.037500
0 0.455469 0.407813 0.042188 0.040625