0 0.575781 0.981250 0.035937 0.034375
0 0.459375 0.984375 0.018750 0.018750
0 0.436719 0.971094 0.023438 0.020313
0 0.424219 0.991406 0.020313 0.017188
0 0.401562 0.979688 0.021875 0.021875
0 0.412500 0.960156 0.018750 0.020313
0 0.389062 0.946875 0.018750 0.018750
0 0.376563 0.966406 0.018750 0.020313
0 0.737500 0.964063 0.053125 0.046875
0 0.688281 0.936719 0.054688 0.045312
0 0.658594 0.889844 0.023438 0.020313
0 0.646875 0.910937 0.028125 0.025000
0 0.635156 0.932813 0.029687 0.025000
0 0.507812 0.956250 0.028125 0.021875
0 0.521094 0.933594 0.032813 0.026562
0 0.478125 0.934375 0.018750 0.018750
0 0.465625 0.928125 0.018750 0.018750
0 0.450000 0.919531 0.018750 0.020313
0 0.435156 0.907813 0.026562 0.021875
0 0.411719 0.891406 0.035937 0.029687
0 0.506250 0.917188 0.021875 0.015625
0 0.493750 0.910937 0.018750 0.018750
0 0.476562 0.901563 0.021875 0.018750
0 0.462500 0.894531 0.025000 0.023438
0 0.445312 0.885156 0.025000 0.023438
0 0.430469 0.875781 0.023438 0.023438
0 0.415625 0.867969 0.021875 0.014063
0 0.255469 0.991406 0.045312 0.017188
0 0.210938 0.978125 0.040625 0.034375
0 0.129688 0.932813 0.018750 0.015625
0 0.139063 0.916406 0.021875 0.017188
0 0.091406 0.919531 0.045312 0.042188
0 0.079687 0.976562 0.053125 0.046875
0 0.021094 0.989062 0.042188 0.021875
0 0.028125 0.948438 0.053125 0.046875
0 0.044531 0.894531 0.051562 0.048438
0 0.875000 0.865625 0.015625 0.015625
0 0.882812 0.853906 0.018750 0.017188
0 0.007031 0.718750 0.014063 0.015625
0 0.012500 0.585938 0.021875 0.018750
0 0.124219 0.409375 0.020313 0.021875
0 0.101562 0.400000 0.025000 0.025000
0 0.224219 0.309375 0.029687 0.028125
0 0.190625 0.257031 0.018750 0.023438
0 0.173437 0.247656 0.015625 0.017188
0 0.179688 0.280469 0.021875 0.017188
0 0.163281 0.271875 0.017188 0.015625