0 0.087500 0.154688 0.028125 0.028125
0 0.091406 0.210938 0.026562 0.028125
0 0.105469 0.285938 0.017188 0.015625
0 0.087500 0.286719 0.015625 0.017188
0 0.283594 0.136719 0.035937 0.039062
0 0.364063 0.132031 0.034375 0.035937
0 0.371875 0.235937 0.034375 0.031250
0 0.291406 0.242969 0.035937 0.039062
0 0.122656 0.396094 0.042188 0.042188
0 0.180469 0.503125 0.045312 0.046875
0 0.120313 0.507812 0.046875 0.050000
0 0.207813 0.608594 0.015625 0.017188
0 0.158594 0.149219 0.032813 0.035937
0 0.162500 0.251563 0.040625 0.043750