0 0.027344 0.376563 0.054688 0.087500
0 0.010156 0.560156 0.020313 0.042188
0 0.050781 0.561719 0.042188 0.039062
0 0.183594 0.610938 0.076563 0.075000
0 0.307031 0.612500 0.076563 0.075000
0 0.430469 0.568750 0.045312 0.043750
0 0.410938 0.657813 0.034375 0.034375
0 0.465625 0.656250 0.021875 0.025000
0 0.566406 0.644531 0.035937 0.029687
0 0.563281 0.596094 0.029687 0.020313
0 0.641406 0.600781 0.067187 0.070312
0 0.212500 0.374219 0.087500 0.085938
0 0.344531 0.377344 0.085938 0.079687
0 0.601562 0.389062 0.078125 0.071875
0 0.725781 0.389844 0.073438 0.073438
0 0.849219 0.389062 0.076563 0.078125
0 0.967187 0.387500 0.065625 0.075000
0 0.752344 0.602344 0.067187 0.070312
0 0.878906 0.575000 0.089063 0.087500
0 0.972656 0.573438 0.054688 0.090625
0 0.922656 0.846094 0.020313 0.017188
0 0.940625 0.838281 0.018750 0.017188
0 0.938281 0.850000 0.010937 0.012500
0 0.975000 0.784375 0.009375 0.012500
0 0.738281 0.771094 0.029687 0.023438
0 0.736719 0.796875 0.017188 0.021875
0 0.966406 0.146875 0.067187 0.075000
0 0.848437 0.146094 0.068750 0.073438
0 0.723437 0.144531 0.075000 0.076563
0 0.603906 0.144531 0.073438 0.073438
0 0.318750 0.213281 0.043750 0.042188
0 0.318750 0.150000 0.043750 0.043750
0 0.318750 0.089063 0.043750 0.043750
0 0.198437 0.183594 0.059375 0.057813
0 0.196094 0.096094 0.060937 0.057813
0 0.021094 0.896094 0.042188 0.064062