0 0.638281 0.982812 0.048438 0.034375
0 0.734375 0.982812 0.046875 0.034375
0 0.830469 0.982812 0.054688 0.034375
0 0.392969 0.850000 0.042188 0.037500
0 0.467969 0.850000 0.051562 0.043750
0 0.636719 0.850781 0.051562 0.045312
0 0.729688 0.851562 0.050000 0.043750
0 0.827344 0.852344 0.051562 0.048438
0 0.928906 0.850781 0.057813 0.048438
0 0.464844 0.750000 0.048438 0.043750
0 0.637500 0.751563 0.053125 0.046875
0 0.732031 0.752344 0.051562 0.048438
0 0.927344 0.753906 0.051562 0.054688
0 0.589844 0.564844 0.070312 0.073438
0 0.732031 0.588281 0.057813 0.057813
0 0.832812 0.585156 0.062500 0.057813