0 0.318750 0.983594 0.043750 0.032813
0 0.196094 0.983594 0.060937 0.032813
0 0.028906 0.850781 0.057813 0.048438
0 0.199219 0.852344 0.054688 0.051562
0 0.300000 0.852344 0.056250 0.051562
0 0.027344 0.753906 0.051562 0.054688
0 0.200000 0.752344 0.043750 0.045312
0 0.298438 0.752344 0.050000 0.051562
0 0.412500 0.801562 0.075000 0.068750
0 0.582812 0.774219 0.056250 0.054688
0 0.674219 0.774219 0.060937 0.060937
0 0.757031 0.772656 0.042188 0.045312
0 0.586719 0.857812 0.060937 0.056250
0 0.673438 0.860156 0.056250 0.054688
0 0.757812 0.858594 0.043750 0.045312
0 0.832031 0.861719 0.051562 0.054688
0 0.810156 0.638281 0.020313 0.017188