0 0.260156 0.252344 0.060937 0.054688
0 0.651563 0.160156 0.062500 0.057813
0 0.778906 0.162500 0.048438 0.050000
0 0.914844 0.142187 0.048438 0.043750
0 0.655469 0.013281 0.064062 0.026562
0 0.783594 0.014063 0.060937 0.028125
0 0.912500 0.014063 0.059375 0.028125
0 0.306250 0.417969 0.028125 0.026562
0 0.360156 0.410938 0.020313 0.025000
0 0.389844 0.411719 0.026562 0.026562
0 0.426563 0.411719 0.037500 0.039062
0 0.467969 0.411719 0.035937 0.039062
0 0.509375 0.411719 0.034375 0.035937
0 0.635938 0.536719 0.012500 0.014063
0 0.633594 0.553125 0.017188 0.015625
0 0.674219 0.549219 0.032813 0.032813
0 0.703906 0.550781 0.026562 0.029687
0 0.734375 0.549219 0.028125 0.032813
0 0.763281 0.547656 0.029687 0.032813