0 0.651563 0.375000 0.084375 0.087500
0 0.783594 0.377344 0.098437 0.082812
0 0.912500 0.376563 0.084375 0.087500
0 0.703125 0.562500 0.040625 0.037500
0 0.780469 0.560156 0.042188 0.045312
0 0.848437 0.561719 0.043750 0.051562
0 0.900781 0.560156 0.039062 0.042188
0 0.950781 0.561719 0.042188 0.039062
0 0.812500 0.188281 0.034375 0.032813
0 0.735938 0.188281 0.053125 0.048438
0 0.635938 0.188281 0.050000 0.051562
0 0.638281 0.089844 0.048438 0.048438
0 0.734375 0.091406 0.046875 0.051562
0 0.830469 0.091406 0.054688 0.051562
0 0.655469 0.897656 0.064062 0.057813
0 0.783594 0.896875 0.060937 0.062500
0 0.912500 0.896094 0.059375 0.064062