0 0.071094 0.387500 0.073438 0.075000
0 0.089063 0.573438 0.087500 0.090625
0 0.109375 0.789062 0.040625 0.040625
0 0.110156 0.828125 0.045312 0.037500
0 0.022656 0.846094 0.020313 0.017188
0 0.040625 0.838281 0.018750 0.017188
0 0.038281 0.850000 0.010937 0.012500
0 0.075000 0.784375 0.009375 0.012500
0 0.071094 0.146875 0.076563 0.075000
0 0.253125 0.083594 0.084375 0.082812
0 0.395313 0.083594 0.081250 0.082812
0 0.686719 0.512500 0.045312 0.043750
0 0.705469 0.467969 0.042188 0.045312
0 0.655469 0.442188 0.032813 0.037500
0 0.669531 0.401562 0.048438 0.037500
0 0.567187 0.457813 0.043750 0.043750
0 0.582812 0.413281 0.043750 0.045312
0 0.601562 0.367969 0.043750 0.042188
0 0.534375 0.389844 0.040625 0.032813
0 0.550000 0.346875 0.037500 0.037500
0 0.239063 0.312500 0.071875 0.071875