0 0.871875 0.309375 0.053125 0.046875
0 0.935156 0.296875 0.048438 0.046875
0 0.982812 0.299219 0.034375 0.039062
0 0.794531 0.397656 0.067187 0.064062
0 0.888281 0.393750 0.051562 0.046875
0 0.937500 0.371094 0.040625 0.039062
0 0.980469 0.369531 0.039062 0.035937
0 0.820312 0.470313 0.065625 0.065625
0 0.910937 0.465625 0.050000 0.050000
0 0.989062 0.459375 0.021875 0.046875
0 0.724219 0.565625 0.054688 0.053125
0 0.796094 0.559375 0.067187 0.065625
0 0.920312 0.514062 0.053125 0.046875
0 0.928125 0.571094 0.050000 0.045312
0 0.989062 0.550000 0.021875 0.050000
0 0.817969 0.658594 0.017188 0.020313
0 0.834375 0.658594 0.015625 0.020313
0 0.854688 0.657031 0.018750 0.020313
0 0.872656 0.656250 0.017188 0.018750