0 0.092188 0.175000 0.034375 0.031250
0 0.128125 0.161719 0.031250 0.026562
0 0.153906 0.136719 0.029687 0.029687
0 0.192188 0.121875 0.028125 0.025000
0 0.225781 0.110156 0.026562 0.026562
0 0.257812 0.098437 0.025000 0.021875
0 0.089844 0.210938 0.029687 0.028125
0 0.123438 0.197656 0.028125 0.026562
0 0.154688 0.201563 0.018750 0.015625
0 0.171875 0.196094 0.015625 0.017188
0 0.165625 0.171875 0.025000 0.025000
0 0.207813 0.157812 0.021875 0.021875
0 0.240625 0.146875 0.025000 0.021875
0 0.274219 0.135156 0.039062 0.035937
0 0.226562 0.175000 0.015625 0.015625
0 0.245312 0.214062 0.028125 0.025000
0 0.282031 0.171094 0.032813 0.026562
0 0.267969 0.203906 0.017188 0.017188
0 0.289062 0.196094 0.018750 0.017188
0 0.250781 0.237500 0.017188 0.018750
0 0.275000 0.225781 0.018750 0.020313
0 0.297656 0.217969 0.020313 0.017188
0 0.257812 0.260937 0.021875 0.018750
0 0.282031 0.256250 0.020313 0.018750
0 0.303906 0.247656 0.017188 0.017188
0 0.239063 0.295312 0.015625 0.015625
0 0.260937 0.287500 0.015625 0.015625
0 0.281250 0.279687 0.015625 0.015625
0 0.298438 0.273438 0.012500 0.015625
0 0.312500 0.267188 0.012500 0.012500
0 0.245312 0.314844 0.021875 0.017188
0 0.265625 0.307031 0.021875 0.020313
0 0.287500 0.300000 0.021875 0.021875
0 0.315625 0.292187 0.028125 0.028125
0 0.255469 0.342187 0.020313 0.021875
0 0.276562 0.334375 0.021875 0.021875
0 0.296094 0.329688 0.023438 0.021875
0 0.326562 0.317969 0.028125 0.023438
0 0.331250 0.344531 0.021875 0.020313
0 0.266406 0.386719 0.010937 0.014063
0 0.285938 0.382812 0.015625 0.015625
0 0.296875 0.378906 0.015625 0.014063
0 0.314063 0.373437 0.021875 0.021875
0 0.339062 0.365625 0.021875 0.021875
0 0.291406 0.395313 0.017188 0.015625
0 0.321875 0.390625 0.015625 0.015625
0 0.346875 0.382812 0.021875 0.018750
0 0.031250 0.562500 0.018750 0.018750
0 0.508594 0.294531 0.017188 0.014063
0 0.525000 0.289062 0.015625 0.015625
0 0.540625 0.285156 0.015625 0.017188
0 0.531250 0.306250 0.015625 0.015625
0 0.549219 0.301563 0.017188 0.018750
0 0.567969 0.295312 0.017188 0.015625
0 0.587500 0.287500 0.021875 0.018750
0 0.537500 0.324219 0.018750 0.017188
0 0.554688 0.317969 0.015625 0.017188
0 0.574219 0.312500 0.017188 0.018750
0 0.592969 0.307812 0.020313 0.018750
0 0.638281 0.158594 0.020313 0.020313
0 0.599219 0.171094 0.017188 0.017188
0 0.617969 0.164844 0.017188 0.017188
0 0.625781 0.184375 0.020313 0.018750
0 0.644531 0.178125 0.020313 0.018750
0 0.620313 0.206250 0.018750 0.015625
0 0.637500 0.199219 0.015625 0.017188
0 0.652344 0.194531 0.020313 0.017188
0 0.625781 0.220312 0.017188 0.015625
0 0.642969 0.216406 0.017188 0.017188
0 0.657813 0.210938 0.018750 0.015625
0 0.632031 0.237500 0.017188 0.015625
0 0.648438 0.231250 0.018750 0.015625
0 0.664844 0.226562 0.020313 0.015625
0 0.638281 0.253125 0.017188 0.015625
0 0.653906 0.248438 0.017188 0.015625
0 0.667969 0.241406 0.017188 0.017188
0 0.645312 0.267188 0.015625 0.012500
0 0.650000 0.283594 0.015625 0.014063
0 0.681250 0.265625 0.037500 0.034375
0 0.710156 0.303125 0.017188 0.015625
0 0.728125 0.296094 0.018750 0.017188
0 0.751563 0.289844 0.025000 0.023438
0 0.778906 0.281250 0.032813 0.028125
0 0.732031 0.325000 0.023438 0.021875
0 0.755469 0.317188 0.023438 0.021875
0 0.428906 0.096875 0.023438 0.021875
0 0.759375 0.020313 0.015625 0.015625
0 0.773438 0.017969 0.015625 0.014063
0 0.763281 0.035156 0.017188 0.014063
0 0.778125 0.032813 0.015625 0.015625
0 0.767188 0.049219 0.012500 0.014063
0 0.779687 0.045312 0.015625 0.015625
0 0.771094 0.063281 0.017188 0.014063
0 0.785937 0.060156 0.015625 0.014063
0 0.772656 0.075781 0.014063 0.014063
0 0.785937 0.072656 0.015625 0.014063
0 0.777344 0.091406 0.014063 0.014063
0 0.789844 0.088281 0.017188 0.014063
0 0.780469 0.104688 0.017188 0.015625
0 0.793750 0.100000 0.012500 0.012500
0 0.782031 0.121094 0.017188 0.017188
0 0.802344 0.118750 0.020313 0.018750
0 0.817969 0.105469 0.020313 0.020313
0 0.786719 0.140625 0.020313 0.018750
0 0.807031 0.136719 0.020313 0.017188
0 0.822656 0.125000 0.020313 0.018750
0 0.837500 0.132031 0.015625 0.017188
0 0.790625 0.160938 0.018750 0.018750
0 0.811719 0.157031 0.020313 0.017188
0 0.826562 0.143750 0.018750 0.018750
0 0.794531 0.179688 0.020313 0.018750
0 0.814844 0.176563 0.020313 0.018750
0 0.831250 0.164062 0.018750 0.018750
0 0.797656 0.200000 0.017188 0.018750
0 0.817969 0.196094 0.020313 0.020313
0 0.835938 0.182031 0.021875 0.017188
0 0.835156 0.198437 0.010937 0.012500
0 0.846875 0.193750 0.012500 0.012500
0 0.801562 0.217969 0.018750 0.017188
0 0.821875 0.214844 0.015625 0.017188
0 0.839063 0.211719 0.012500 0.014063
0 0.738281 0.346094 0.020313 0.017188
0 0.758594 0.337500 0.014063 0.012500
0 0.310156 0.344531 0.014063 0.010937
0 0.300000 0.349219 0.009375 0.010937
0 0.303906 0.359375 0.007812 0.009375
0 0.289844 0.353906 0.007812 0.007812
0 0.280469 0.356250 0.007812 0.009375
0 0.294531 0.362500 0.007812 0.009375
0 0.283594 0.367188 0.007812 0.009375
0 0.250781 0.379688 0.010937 0.012500
0 0.265625 0.387500 0.012500 0.012500
0 0.818750 0.258594 0.012500 0.014063
0 0.831250 0.258594 0.012500 0.014063
0 0.818750 0.234375 0.006250 0.006250
0 0.825781 0.233594 0.007812 0.007812
0 0.819531 0.244531 0.007812 0.007812
0 0.775781 0.217969 0.014063 0.010937