0 0.035156 0.296875 0.048438 0.046875
0 0.085938 0.299219 0.040625 0.039062
0 0.134375 0.298438 0.040625 0.037500
0 0.198437 0.290625 0.053125 0.053125
0 0.037500 0.371094 0.040625 0.039062
0 0.081250 0.369531 0.040625 0.035937
0 0.120313 0.384375 0.031250 0.028125
0 0.164844 0.349219 0.042188 0.039062
0 0.210156 0.346875 0.032813 0.028125
0 0.251563 0.345313 0.021875 0.021875
0 0.164062 0.391406 0.021875 0.020313
0 0.210156 0.389844 0.023438 0.023438
0 0.254688 0.392188 0.028125 0.025000
0 0.017969 0.465625 0.035937 0.050000
0 0.100781 0.459375 0.045312 0.046875
0 0.190625 0.460156 0.050000 0.048438
0 0.278125 0.455469 0.050000 0.048438
0 0.366406 0.454688 0.048438 0.046875
0 0.023438 0.514062 0.046875 0.046875
0 0.028125 0.571094 0.050000 0.045312
0 0.103125 0.550000 0.050000 0.050000
0 0.192969 0.546875 0.039062 0.037500
0 0.282813 0.544531 0.053125 0.048438
0 0.369531 0.543750 0.048438 0.046875
0 0.174219 0.592969 0.032813 0.029687
0 0.213281 0.593750 0.029687 0.031250
0 0.252344 0.587500 0.029687 0.031250
0 0.223438 0.635156 0.034375 0.035937
0 0.258594 0.632031 0.032813 0.035937
0 0.275781 0.607812 0.020313 0.021875
0 0.300000 0.607031 0.021875 0.020313
0 0.294531 0.632812 0.032813 0.028125
0 0.321875 0.614062 0.021875 0.025000
0 0.335156 0.563281 0.026562 0.023438
0 0.340625 0.587500 0.015625 0.018750
0 0.360938 0.586719 0.018750 0.020313
0 0.379688 0.587500 0.015625 0.015625
0 0.398438 0.585156 0.015625 0.017188
0 0.342969 0.610938 0.017188 0.018750
0 0.364063 0.610156 0.018750 0.017188
0 0.382031 0.607812 0.017188 0.015625
0 0.400000 0.604688 0.012500 0.015625
0 0.322656 0.635938 0.017188 0.021875
0 0.346094 0.629687 0.014063 0.015625
0 0.364844 0.629687 0.014063 0.018750
0 0.384375 0.629687 0.015625 0.015625
0 0.400781 0.620313 0.017188 0.015625
0 0.587500 0.898438 0.037500 0.037500
0 0.987500 0.175000 0.025000 0.031250
0 0.987500 0.210938 0.025000 0.028125
0 0.931250 0.562500 0.018750 0.018750