0 0.257812 0.993750 0.025000 0.012500
0 0.428906 0.992969 0.023438 0.014063
0 0.759375 0.920312 0.015625 0.015625
0 0.773438 0.917969 0.015625 0.014063
0 0.763281 0.935156 0.017188 0.014063
0 0.778125 0.932813 0.015625 0.015625
0 0.767188 0.949219 0.012500 0.014063
0 0.779687 0.945312 0.015625 0.015625
0 0.771094 0.963281 0.017188 0.014063
0 0.785937 0.960156 0.015625 0.014063
0 0.772656 0.975781 0.014063 0.014063
0 0.785937 0.972656 0.015625 0.014063
0 0.777344 0.991406 0.014063 0.014063
0 0.789844 0.988281 0.017188 0.014063
0 0.793750 0.996875 0.012500 0.006250