0 0.966406 0.300000 0.026562 0.028125
0 0.918750 0.261719 0.028125 0.029687
0 0.923438 0.303125 0.021875 0.021875
0 0.825781 0.340625 0.042188 0.040625
0 0.823438 0.275000 0.040625 0.040625
0 0.762500 0.276562 0.046875 0.046875
0 0.698438 0.278125 0.040625 0.040625
0 0.764062 0.341406 0.050000 0.048438
0 0.134375 0.647656 0.059375 0.057813
0 0.042969 0.586719 0.057813 0.060937
0 0.277344 0.439844 0.042188 0.045312
0 0.247656 0.485156 0.042188 0.045312
0 0.219531 0.529687 0.042188 0.043750
0 0.403125 0.404687 0.009375 0.009375
0 0.395313 0.417969 0.009375 0.010937
0 0.355469 0.360156 0.042188 0.042188
0 0.317188 0.328125 0.015625 0.015625
0 0.303906 0.350000 0.017188 0.015625
0 0.167187 0.367188 0.025000 0.028125
0 0.159375 0.424219 0.021875 0.023438
0 0.129688 0.406250 0.018750 0.021875
0 0.114062 0.432031 0.021875 0.020313
0 0.089063 0.460938 0.018750 0.018750
0 0.182812 0.395313 0.015625 0.015625
0 0.263281 0.242969 0.026562 0.023438
0 0.235937 0.225781 0.018750 0.020313
0 0.218750 0.253906 0.018750 0.020313
0 0.247656 0.271094 0.023438 0.023438
0 0.171875 0.092188 0.025000 0.025000
0 0.153906 0.120313 0.023438 0.021875
0 0.131250 0.147656 0.015625 0.017188
0 0.116406 0.171094 0.014063 0.014063
0 0.103906 0.191406 0.014063 0.017188
0 0.141406 0.200781 0.026562 0.029687
0 0.166406 0.162500 0.029687 0.028125
0 0.192188 0.123438 0.028125 0.028125
0 0.067969 0.090625 0.014063 0.015625
0 0.050000 0.118750 0.012500 0.015625
0 0.089063 0.104688 0.012500 0.015625
0 0.072656 0.133594 0.014063 0.014063
0 0.064062 0.158594 0.009375 0.010937
0 0.006250 0.228125 0.009375 0.009375
0 0.017188 0.235156 0.009375 0.010937
0 0.705469 0.617188 0.014063 0.015625
0 0.718750 0.635938 0.012500 0.012500
0 0.318750 0.056250 0.015625 0.018750
0 0.340625 0.085938 0.025000 0.021875
0 0.360156 0.111719 0.023438 0.020313