0 0.728125 0.380469 0.021875 0.023438
0 0.553125 0.431250 0.075000 0.078125
0 0.385156 0.642188 0.010937 0.012500
0 0.368750 0.642969 0.012500 0.014063
0 0.185938 0.457813 0.009375 0.012500
0 0.185156 0.471875 0.007812 0.009375
0 0.185938 0.486719 0.009375 0.010937
0 0.103906 0.259375 0.026562 0.028125
0 0.109375 0.302344 0.018750 0.023438
0 0.066406 0.300000 0.026562 0.028125
0 0.018750 0.261719 0.028125 0.029687
0 0.023438 0.303125 0.021875 0.021875
0 0.753125 0.875000 0.018750 0.018750
0 0.732031 0.875000 0.020313 0.021875
0 0.714844 0.873437 0.014063 0.015625
0 0.393750 0.430469 0.037500 0.039062