0 0.874219 0.694531 0.060937 0.060937
0 0.942969 0.586719 0.057813 0.060937
0 0.989062 0.460938 0.018750 0.018750
0 0.967969 0.090625 0.014063 0.015625
0 0.950000 0.118750 0.012500 0.015625
0 0.989062 0.104688 0.012500 0.015625
0 0.972656 0.133594 0.014063 0.014063
0 0.964063 0.158594 0.009375 0.010937
0 0.884375 0.211719 0.012500 0.014063
0 0.906250 0.228125 0.009375 0.009375
0 0.917188 0.235156 0.009375 0.010937
0 0.598437 0.528125 0.012500 0.012500
0 0.582812 0.548438 0.012500 0.015625
0 0.614062 0.505469 0.012500 0.014063