0 0.008594 0.143750 0.017188 0.028125
0 0.011719 0.112500 0.023438 0.021875
0 0.114844 0.008594 0.042188 0.017188
0 0.171875 0.076563 0.021875 0.018750
0 0.165625 0.102344 0.025000 0.020313
0 0.167969 0.136719 0.032813 0.032813
0 0.194531 0.105469 0.026562 0.023438
0 0.199219 0.075781 0.017188 0.017188
0 0.228906 0.078125 0.020313 0.018750
0 0.258594 0.078125 0.023438 0.021875
0 0.288281 0.082031 0.023438 0.023438
0 0.226562 0.110156 0.015625 0.014063
0 0.313281 0.073438 0.023438 0.021875
0 0.342187 0.112500 0.040625 0.043750
0 0.368750 0.054688 0.040625 0.040625
0 0.414062 0.060156 0.034375 0.032813
0 0.392188 0.113281 0.028125 0.026562
0 0.420312 0.104688 0.021875 0.018750
0 0.420312 0.124219 0.021875 0.017188
0 0.417969 0.021094 0.017188 0.017188
0 0.401562 0.932813 0.025000 0.025000
0 0.418750 0.915625 0.021875 0.021875
0 0.435937 0.899219 0.025000 0.020313
0 0.453906 0.881250 0.020313 0.021875
0 0.625000 0.217188 0.090625 0.087500
0 0.624219 0.112500 0.092188 0.084375
0 0.622656 0.024219 0.089063 0.048438
0 0.979688 0.417969 0.025000 0.023438
0 0.992188 0.436719 0.015625 0.026562