0 0.011719 0.724219 0.023438 0.026562
0 0.010937 0.696875 0.021875 0.025000
0 0.077344 0.621094 0.026562 0.023438
0 0.106250 0.622656 0.025000 0.023438
0 0.077344 0.594531 0.026562 0.023438
0 0.103125 0.592969 0.025000 0.023438
0 0.135937 0.592187 0.021875 0.015625
0 0.139844 0.605469 0.017188 0.010937
0 0.139844 0.619531 0.017188 0.014063
0 0.436719 0.696875 0.023438 0.021875
0 0.437500 0.719531 0.021875 0.023438
0 0.436719 0.738281 0.017188 0.014063
0 0.436719 0.830469 0.020313 0.014063
0 0.437500 0.846875 0.015625 0.012500
0 0.436719 0.860156 0.014063 0.014063
0 0.437500 0.877344 0.018750 0.014063
0 0.436719 0.928906 0.023438 0.023438
0 0.499219 0.858594 0.051562 0.048438
0 0.542188 0.907813 0.059375 0.056250
0 0.700000 0.943750 0.043750 0.040625
0 0.749219 0.944531 0.039062 0.042188
0 0.696875 0.896094 0.040625 0.039062
0 0.747656 0.896875 0.042188 0.040625
0 0.704688 0.847656 0.040625 0.039062
0 0.748437 0.848437 0.040625 0.037500
0 0.982812 0.935156 0.034375 0.064062
0 0.981250 0.859375 0.037500 0.059375
0 0.856250 0.857812 0.043750 0.043750
0 0.105469 0.525781 0.035937 0.035937