0 0.096875 0.146094 0.065625 0.064062
0 0.073438 0.227344 0.037500 0.039062
0 0.118750 0.228125 0.040625 0.040625
0 0.094531 0.332031 0.067187 0.064062
0 0.071094 0.407031 0.042188 0.042188
0 0.117969 0.407031 0.042188 0.039062
0 0.037500 0.589063 0.075000 0.078125
0 0.140625 0.589844 0.084375 0.079687
0 0.142969 0.701562 0.079687 0.081250
0 0.114844 0.896094 0.042188 0.042188
0 0.171875 0.976562 0.021875 0.018750
0 0.199219 0.975781 0.017188 0.017188
0 0.228906 0.978125 0.020313 0.018750
0 0.258594 0.978125 0.023438 0.021875
0 0.288281 0.982031 0.023438 0.023438
0 0.313281 0.973437 0.023438 0.021875
0 0.368750 0.954688 0.040625 0.040625
0 0.414062 0.960156 0.034375 0.032813
0 0.417969 0.921094 0.017188 0.017188
0 0.622656 0.905469 0.089063 0.085938
0 0.232031 0.702344 0.067187 0.064062
0 0.233594 0.589844 0.060937 0.064062
0 0.410156 0.689063 0.073438 0.071875
0 0.511719 0.689844 0.092188 0.089063
0 0.625000 0.686719 0.087500 0.089063
0 0.625781 0.561719 0.089063 0.089063
0 0.508594 0.564063 0.095312 0.090625
0 0.411719 0.565625 0.076563 0.075000
0 0.260937 0.355469 0.037500 0.032813
0 0.303125 0.356250 0.040625 0.031250
0 0.260156 0.318750 0.042188 0.040625
0 0.302344 0.320312 0.045312 0.043750
0 0.448437 0.400781 0.059375 0.057813
0 0.550000 0.403125 0.059375 0.059375
0 0.617188 0.401562 0.059375 0.056250
0 0.452344 0.328906 0.060937 0.054688
0 0.551562 0.328906 0.059375 0.057813
0 0.622656 0.328125 0.054688 0.059375
0 0.450000 0.211719 0.059375 0.054688
0 0.551562 0.211719 0.059375 0.054688
0 0.622656 0.211719 0.054688 0.051562
0 0.451562 0.136719 0.053125 0.054688
0 0.452344 0.024219 0.051562 0.048438
0 0.294531 0.142969 0.048438 0.051562
0 0.228125 0.142969 0.050000 0.054688
0 0.096875 0.035156 0.062500 0.064062