0 0.033594 0.149219 0.039062 0.039062
0 0.035156 0.199219 0.035937 0.039062
0 0.057031 0.335938 0.026562 0.021875
0 0.057813 0.363281 0.025000 0.026562
0 0.082812 0.364844 0.025000 0.026562
0 0.006250 0.462500 0.012500 0.018750
0 0.021094 0.461719 0.014063 0.017188
0 0.038281 0.461719 0.014063 0.014063
0 0.059375 0.460156 0.018750 0.014063
0 0.072656 0.461719 0.014063 0.017188
0 0.089844 0.462500 0.017188 0.015625
0 0.108594 0.464062 0.010937 0.012500
0 0.005469 0.480469 0.010937 0.017188
0 0.023438 0.480469 0.015625 0.017188
0 0.038281 0.479687 0.014063 0.012500
0 0.058594 0.479687 0.014063 0.018750
0 0.075000 0.479687 0.012500 0.018750
0 0.090625 0.479687 0.015625 0.015625
0 0.017969 0.419531 0.010937 0.010937
0 0.030469 0.418750 0.010937 0.012500
0 0.041406 0.418750 0.007812 0.009375
0 0.055469 0.418750 0.010937 0.009375
0 0.067187 0.418750 0.009375 0.009375
0 0.078906 0.417187 0.010937 0.012500
0 0.090625 0.416406 0.009375 0.010937
0 0.105469 0.417969 0.010937 0.010937
0 0.007812 0.430469 0.009375 0.010937
0 0.008594 0.442188 0.010937 0.009375
0 0.019531 0.430469 0.007812 0.010937
0 0.017969 0.441406 0.010937 0.010937
0 0.028125 0.430469 0.006250 0.010937
0 0.028125 0.441406 0.009375 0.010937
0 0.040625 0.428906 0.009375 0.010937
0 0.040625 0.439844 0.009375 0.010937
0 0.057813 0.432031 0.009375 0.010937
0 0.057031 0.440625 0.007812 0.009375
0 0.066406 0.432031 0.010937 0.010937
0 0.067187 0.440625 0.009375 0.009375
0 0.006250 0.419531 0.012500 0.010937
0 0.080469 0.428906 0.014063 0.010937
0 0.079687 0.442188 0.012500 0.009375
0 0.092188 0.431250 0.009375 0.009375
0 0.089844 0.441406 0.010937 0.010937
0 0.103906 0.431250 0.014063 0.009375
0 0.102344 0.444531 0.010937 0.010937
0 0.107813 0.478906 0.012500 0.014063
0 0.436719 0.028906 0.023438 0.023438
0 0.542188 0.017969 0.059375 0.035937
0 0.700000 0.043750 0.043750 0.040625
0 0.749219 0.044531 0.039062 0.042188
0 0.696875 0.007812 0.040625 0.015625
0 0.747656 0.008594 0.042188 0.017188
0 0.523438 0.365625 0.028125 0.028125
0 0.556250 0.366406 0.028125 0.023438
0 0.579688 0.364844 0.015625 0.010937
0 0.576562 0.375781 0.015625 0.010937
0 0.577344 0.387500 0.014063 0.012500
0 0.673438 0.397656 0.046875 0.039062
0 0.733594 0.401562 0.032813 0.034375
0 0.672656 0.326562 0.057813 0.059375
0 0.736719 0.322656 0.054688 0.054688
0 0.738281 0.211719 0.054688 0.057813
0 0.735156 0.146875 0.054688 0.053125
0 0.832031 0.178125 0.042188 0.040625
0 0.874219 0.128906 0.045312 0.045312
0 0.831250 0.228125 0.043750 0.037500
0 0.874219 0.227344 0.035937 0.035937
0 0.982031 0.146094 0.035937 0.064062
0 0.973437 0.227344 0.037500 0.039062
0 0.832031 0.311719 0.039062 0.039062
0 0.875000 0.311719 0.037500 0.035937
0 0.833594 0.360156 0.039062 0.039062
0 0.875000 0.358594 0.034375 0.035937
0 0.832812 0.407031 0.040625 0.039062
0 0.873437 0.407031 0.034375 0.035937
0 0.980469 0.332031 0.039062 0.064062
0 0.971094 0.407031 0.042188 0.042188
0 0.935156 0.589063 0.079687 0.078125
0 0.730469 0.885938 0.035937 0.034375
0 0.760156 0.975000 0.039062 0.037500
0 0.982812 0.035156 0.034375 0.064062