0 0.933594 0.149219 0.039062 0.039062
0 0.935156 0.199219 0.035937 0.039062
0 0.957031 0.335938 0.026562 0.021875
0 0.957812 0.363281 0.025000 0.026562
0 0.982812 0.364844 0.025000 0.026562
0 0.885156 0.461719 0.014063 0.017188
0 0.903906 0.462500 0.017188 0.018750
0 0.921094 0.461719 0.014063 0.017188
0 0.938281 0.461719 0.014063 0.014063
0 0.959375 0.460156 0.018750 0.014063
0 0.972656 0.461719 0.014063 0.017188
0 0.989844 0.462500 0.017188 0.015625
0 0.885938 0.479687 0.018750 0.015625
0 0.903906 0.480469 0.014063 0.017188
0 0.923438 0.480469 0.015625 0.017188
0 0.938281 0.479687 0.014063 0.012500
0 0.958594 0.479687 0.014063 0.018750
0 0.975000 0.479687 0.012500 0.018750
0 0.990625 0.479687 0.015625 0.015625
0 0.883594 0.419531 0.010937 0.010937
0 0.896094 0.419531 0.010937 0.010937
0 0.917969 0.419531 0.010937 0.010937
0 0.930469 0.418750 0.010937 0.012500
0 0.941406 0.418750 0.007812 0.009375
0 0.955469 0.418750 0.010937 0.009375
0 0.967187 0.418750 0.009375 0.009375
0 0.978906 0.417187 0.010937 0.012500
0 0.990625 0.416406 0.009375 0.010937
0 0.885156 0.432812 0.014063 0.009375
0 0.883594 0.441406 0.010937 0.010937
0 0.896094 0.431250 0.010937 0.009375
0 0.896094 0.441406 0.007812 0.010937
0 0.907813 0.430469 0.009375 0.010937
0 0.908594 0.442188 0.010937 0.009375
0 0.919531 0.430469 0.007812 0.010937
0 0.917969 0.441406 0.010937 0.010937
0 0.928125 0.430469 0.006250 0.010937
0 0.928125 0.441406 0.009375 0.010937
0 0.940625 0.428906 0.009375 0.010937
0 0.940625 0.439844 0.009375 0.010937
0 0.957812 0.432031 0.009375 0.010937
0 0.957031 0.440625 0.007812 0.009375
0 0.966406 0.432031 0.010937 0.010937
0 0.967187 0.440625 0.009375 0.009375
0 0.906250 0.419531 0.012500 0.010937
0 0.980469 0.428906 0.014063 0.010937
0 0.979688 0.442188 0.012500 0.009375
0 0.992188 0.431250 0.009375 0.009375
0 0.989844 0.441406 0.010937 0.010937