0 0.013281 0.017188 0.026562 0.034375
0 0.125000 0.089063 0.050000 0.050000
0 0.050000 0.142969 0.046875 0.051562
0 0.269531 0.042969 0.032813 0.032813
0 0.306250 0.092969 0.031250 0.035937
0 0.354687 0.059375 0.031250 0.037500
0 0.403125 0.022656 0.031250 0.035937
0 0.468750 0.132031 0.053125 0.054688
0 0.394531 0.189062 0.054688 0.056250
0 0.521875 0.208594 0.059375 0.057813
0 0.448437 0.257812 0.046875 0.050000
0 0.606250 0.324219 0.056250 0.057813
0 0.532031 0.378125 0.057813 0.056250
0 0.583594 0.452344 0.057813 0.057813
0 0.658594 0.399219 0.057813 0.057813
0 0.103906 0.216406 0.045312 0.048438
0 0.178125 0.165625 0.056250 0.056250
0 0.262500 0.282813 0.059375 0.056250
0 0.187500 0.333594 0.046875 0.051562
0 0.314844 0.353906 0.048438 0.048438
0 0.240625 0.407031 0.046875 0.048438
0 0.325000 0.524219 0.046875 0.048438
0 0.399219 0.474219 0.060937 0.057813
0 0.452344 0.545312 0.048438 0.050000
0 0.380469 0.602344 0.054688 0.060937
0 0.462500 0.715625 0.046875 0.050000
0 0.535937 0.665625 0.062500 0.059375
0 0.516406 0.794531 0.057813 0.060937
0 0.589844 0.740625 0.060937 0.059375
0 0.580469 0.898438 0.035937 0.040625
0 0.631250 0.864062 0.037500 0.037500
0 0.678125 0.828906 0.043750 0.042188
0 0.714844 0.878125 0.042188 0.040625
0 0.817969 0.798438 0.032813 0.031250
0 0.867969 0.767969 0.042188 0.042188
0 0.917969 0.732031 0.035937 0.039062
0 0.882812 0.683594 0.043750 0.042188
0 0.832812 0.717187 0.034375 0.040625
0 0.785156 0.750000 0.032813 0.031250
0 0.796094 0.590625 0.060937 0.056250
0 0.722656 0.640625 0.048438 0.046875
0 0.743750 0.515625 0.056250 0.059375
0 0.668750 0.566406 0.046875 0.048438
0 0.908594 0.850781 0.029687 0.029687
0 0.983594 0.357812 0.026562 0.028125
0 0.962500 0.329688 0.025000 0.025000
0 0.943750 0.302344 0.025000 0.026562
0 0.921875 0.273438 0.025000 0.025000