0 0.157812 0.161719 0.028125 0.029687
0 0.174219 0.203125 0.026562 0.028125
0 0.075781 0.208594 0.017188 0.017188
0 0.124219 0.238281 0.029687 0.032813
0 0.053906 0.264844 0.029687 0.032813
0 0.032031 0.307812 0.032813 0.034375
0 0.084375 0.327344 0.028125 0.032813
0 0.096094 0.290625 0.032813 0.034375
0 0.173437 0.255469 0.009375 0.014063
0 0.156250 0.280469 0.015625 0.014063
0 0.144531 0.312500 0.017188 0.018750
0 0.130469 0.342187 0.014063 0.015625
0 0.265625 0.228906 0.034375 0.035937
0 0.324219 0.249219 0.035937 0.039062
0 0.377344 0.270313 0.032813 0.034375
0 0.438281 0.296875 0.039062 0.040625
0 0.412500 0.348438 0.031250 0.034375
0 0.357031 0.328906 0.035937 0.039062
0 0.300781 0.307812 0.035937 0.037500
0 0.244531 0.284375 0.032813 0.034375
0 0.256250 0.388281 0.037500 0.039062
0 0.319531 0.423438 0.032813 0.034375
0 0.377344 0.444531 0.032813 0.035937
0 0.297656 0.479687 0.032813 0.034375
0 0.357031 0.500000 0.035937 0.034375
0 0.475000 0.485156 0.037500 0.039062
0 0.533594 0.507812 0.035937 0.037500
0 0.525781 0.320312 0.023438 0.025000
0 0.590625 0.343750 0.025000 0.021875
0 0.505469 0.351562 0.014063 0.015625
0 0.525781 0.360938 0.014063 0.015625
0 0.550000 0.370312 0.018750 0.018750
0 0.576562 0.378906 0.015625 0.014063
0 0.552344 0.392969 0.014063 0.017188
0 0.574219 0.400000 0.014063 0.015625
0 0.483594 0.409375 0.014063 0.015625
0 0.504687 0.417187 0.012500 0.012500
0 0.528906 0.429688 0.014063 0.018750
0 0.558594 0.435156 0.020313 0.020313
0 0.510938 0.394531 0.021875 0.017188
0 0.550781 0.414062 0.010937 0.009375
0 0.642188 0.403906 0.015625 0.017188
0 0.635938 0.431250 0.012500 0.015625
0 0.623437 0.443750 0.012500 0.012500
0 0.617969 0.460156 0.010937 0.010937
0 0.590625 0.450000 0.009375 0.009375
0 0.609375 0.417187 0.015625 0.015625
0 0.618750 0.399219 0.018750 0.017188
0 0.814063 0.340625 0.018750 0.018750
0 0.509375 0.628125 0.015625 0.018750