0 0.914844 0.899219 0.020313 0.020313
0 0.471094 0.920312 0.014063 0.015625
0 0.453125 0.942187 0.012500 0.012500
0 0.465625 0.936719 0.012500 0.010937
0 0.449219 0.932813 0.010937 0.012500
0 0.460156 0.925781 0.014063 0.010937
0 0.442969 0.920312 0.010937 0.012500
0 0.454688 0.916406 0.012500 0.010937
0 0.465625 0.908594 0.012500 0.010937
0 0.437500 0.905469 0.012500 0.014063
0 0.450781 0.900781 0.014063 0.010937
0 0.461719 0.898438 0.014063 0.012500
0 0.434375 0.894531 0.009375 0.010937
0 0.444531 0.892188 0.010937 0.009375
0 0.457031 0.886719 0.010937 0.007812
0 0.429688 0.887500 0.009375 0.009375
0 0.439844 0.882812 0.010937 0.009375
0 0.450000 0.875781 0.012500 0.010937
0 0.425000 0.879687 0.012500 0.009375
0 0.436719 0.874219 0.010937 0.007812
0 0.421094 0.871094 0.010937 0.010937
0 0.432031 0.864062 0.010937 0.006250
0 0.444531 0.864844 0.017188 0.010937