0 0.626563 0.325781 0.018750 0.020313
0 0.628125 0.347656 0.018750 0.017188
0 0.625781 0.371094 0.020313 0.020313
0 0.625781 0.393750 0.017188 0.018750
0 0.627344 0.417187 0.017188 0.018750
0 0.626563 0.439844 0.018750 0.020313
0 0.603906 0.323437 0.017188 0.018750
0 0.604688 0.346094 0.015625 0.017188
0 0.604688 0.368750 0.015625 0.018750
0 0.603906 0.391406 0.017188 0.020313
0 0.606250 0.415625 0.018750 0.021875
0 0.604688 0.437500 0.018750 0.018750
0 0.582812 0.323437 0.015625 0.018750
0 0.582812 0.344531 0.015625 0.020313
0 0.582812 0.366406 0.015625 0.014063
0 0.583594 0.389062 0.014063 0.015625
0 0.585156 0.411719 0.014063 0.014063
0 0.569531 0.427344 0.014063 0.017188
0 0.565625 0.409375 0.015625 0.015625
0 0.564844 0.365625 0.014063 0.015625
0 0.564844 0.342187 0.014063 0.018750
0 0.564844 0.320312 0.014063 0.015625
0 0.549219 0.320312 0.014063 0.018750
0 0.548438 0.342187 0.012500 0.015625
0 0.548438 0.407813 0.012500 0.012500
0 0.549219 0.425781 0.010937 0.014063
0 0.545312 0.440625 0.012500 0.012500
0 0.534375 0.432812 0.009375 0.012500
0 0.528125 0.420312 0.009375 0.012500
0 0.529687 0.408594 0.009375 0.010937
0 0.532813 0.385156 0.012500 0.010937
0 0.532813 0.371875 0.012500 0.012500
0 0.532813 0.347656 0.009375 0.014063
0 0.533594 0.333594 0.007812 0.010937
0 0.532813 0.321875 0.006250 0.009375
0 0.549219 0.364844 0.010937 0.014063
0 0.557813 0.439063 0.009375 0.012500
0 0.557031 0.454688 0.014063 0.015625
0 0.564844 0.386719 0.014063 0.014063
0 0.549219 0.385156 0.007812 0.010937
0 0.610156 0.469531 0.029687 0.032813
0 0.580469 0.447656 0.020313 0.020313
0 0.571094 0.472656 0.020313 0.020313
0 0.615625 0.512500 0.015625 0.018750
0 0.613281 0.530469 0.014063 0.017188
0 0.607812 0.556250 0.021875 0.025000
0 0.605469 0.581250 0.020313 0.021875
0 0.608594 0.603906 0.014063 0.014063
0 0.592187 0.602344 0.012500 0.014063
0 0.561719 0.599219 0.014063 0.014063
0 0.582031 0.578906 0.017188 0.017188
0 0.583594 0.552344 0.017188 0.020313
0 0.594531 0.528906 0.014063 0.017188
0 0.596094 0.509375 0.017188 0.018750
0 0.578906 0.506250 0.010937 0.012500
0 0.576562 0.527344 0.012500 0.014063
0 0.562500 0.577344 0.015625 0.020313
0 0.564844 0.553125 0.017188 0.021875
0 0.558594 0.530469 0.007812 0.007812
0 0.560156 0.521094 0.007812 0.007812
0 0.560937 0.510156 0.009375 0.010937
0 0.579688 0.710938 0.012500 0.015625
0 0.535156 0.717187 0.023438 0.025000
0 0.321875 0.448437 0.018750 0.018750
0 0.321875 0.471875 0.018750 0.021875
0 0.321875 0.494531 0.018750 0.020313
0 0.321875 0.516406 0.018750 0.020313
0 0.321875 0.539062 0.018750 0.018750
0 0.324219 0.560937 0.020313 0.018750
0 0.342187 0.466406 0.021875 0.020313
0 0.342187 0.490625 0.021875 0.021875
0 0.342187 0.512500 0.021875 0.018750
0 0.344531 0.535937 0.020313 0.021875
0 0.343750 0.557031 0.018750 0.020313
0 0.341406 0.444531 0.020313 0.020313
0 0.439844 0.411719 0.032813 0.035937
0 0.421094 0.450000 0.032813 0.037500
0 0.317188 0.601562 0.018750 0.018750
0 0.340625 0.596875 0.018750 0.018750
0 0.341406 0.642969 0.017188 0.020313
0 0.318750 0.646875 0.018750 0.021875
0 0.318750 0.623437 0.018750 0.018750
0 0.374219 0.594531 0.023438 0.023438
0 0.376563 0.624219 0.018750 0.020313
0 0.375781 0.654687 0.023438 0.025000
0 0.377344 0.685156 0.023438 0.026562
0 0.377344 0.715625 0.023438 0.025000
0 0.442188 0.485156 0.021875 0.026562
0 0.442188 0.514844 0.021875 0.026562
0 0.442969 0.545312 0.023438 0.025000
0 0.438281 0.585156 0.020313 0.023438
0 0.439844 0.615625 0.020313 0.021875
0 0.439844 0.646094 0.020313 0.023438
0 0.439844 0.677344 0.020313 0.023438
0 0.440625 0.709375 0.015625 0.018750
0 0.378906 0.444531 0.020313 0.023438
0 0.378906 0.470313 0.023438 0.025000
0 0.380469 0.497656 0.017188 0.017188
0 0.378125 0.525781 0.021875 0.023438
0 0.379688 0.554688 0.018750 0.021875
0 0.412500 0.484375 0.015625 0.018750
0 0.412500 0.503906 0.015625 0.017188
0 0.413281 0.529687 0.017188 0.018750
0 0.413281 0.548438 0.017188 0.018750
0 0.410156 0.591406 0.017188 0.017188
0 0.411719 0.615625 0.017188 0.018750
0 0.411719 0.638281 0.020313 0.020313
0 0.411719 0.662500 0.017188 0.018750
0 0.413281 0.686719 0.020313 0.020313
0 0.413281 0.709375 0.017188 0.018750
0 0.479687 0.710938 0.018750 0.018750
0 0.501563 0.709375 0.018750 0.018750
0 0.478125 0.689844 0.018750 0.020313
0 0.501563 0.687500 0.018750 0.021875
0 0.525000 0.682813 0.018750 0.018750
0 0.476562 0.657031 0.018750 0.017188
0 0.499219 0.654687 0.020313 0.018750
0 0.524219 0.651563 0.020313 0.018750
0 0.475781 0.634375 0.017188 0.015625
0 0.499219 0.631250 0.017188 0.018750
0 0.521875 0.629687 0.018750 0.018750
0 0.477344 0.599219 0.017188 0.020313
0 0.500000 0.598437 0.018750 0.018750
0 0.523438 0.595313 0.021875 0.018750
0 0.475000 0.575000 0.018750 0.021875
0 0.499219 0.574219 0.017188 0.023438
0 0.521875 0.571875 0.018750 0.021875
0 0.475781 0.543750 0.017188 0.015625
0 0.499219 0.542969 0.020313 0.023438
0 0.521094 0.539062 0.017188 0.018750
0 0.476562 0.522656 0.018750 0.017188
0 0.499219 0.518750 0.017188 0.018750
0 0.521094 0.517188 0.017188 0.018750
0 0.475781 0.493750 0.017188 0.018750
0 0.498437 0.490625 0.015625 0.018750
0 0.521875 0.492188 0.015625 0.018750
0 0.479687 0.467969 0.018750 0.020313
0 0.509375 0.464062 0.018750 0.018750
0 0.475000 0.441406 0.015625 0.017188
0 0.497656 0.439063 0.014063 0.018750