0 0.760938 0.175781 0.015625 0.020313
0 0.793750 0.182031 0.018750 0.020313
0 0.775781 0.177344 0.014063 0.017188
0 0.678906 0.329688 0.032813 0.034375
0 0.620313 0.318750 0.021875 0.021875
0 0.597656 0.317969 0.023438 0.020313
0 0.571094 0.321875 0.020313 0.021875
0 0.710156 0.473438 0.020313 0.018750
0 0.703906 0.452344 0.014063 0.017188
0 0.693750 0.435156 0.015625 0.017188
0 0.685156 0.422656 0.014063 0.014063
0 0.678906 0.407813 0.010937 0.012500
0 0.668750 0.396094 0.015625 0.017188
0 0.662500 0.381250 0.015625 0.015625
0 0.649219 0.364063 0.023438 0.025000
0 0.637500 0.338281 0.025000 0.023438
0 0.582031 0.341406 0.020313 0.017188
0 0.592187 0.353906 0.012500 0.014063
0 0.606250 0.370312 0.015625 0.015625
0 0.619531 0.354687 0.020313 0.021875
0 0.604688 0.338281 0.018750 0.017188
0 0.625781 0.384375 0.026562 0.028125
0 0.646875 0.382812 0.012500 0.015625
0 0.646875 0.396875 0.012500 0.015625
0 0.650000 0.416406 0.012500 0.014063
0 0.660156 0.407813 0.010937 0.015625
0 0.667969 0.417969 0.010937 0.014063
0 0.659375 0.426563 0.012500 0.012500
0 0.672656 0.436719 0.020313 0.020313
0 0.685937 0.453906 0.012500 0.014063
0 0.695312 0.466406 0.012500 0.014063
0 0.638281 0.407031 0.010937 0.010937
0 0.603125 0.357812 0.012500 0.009375
0 0.901563 0.336719 0.015625 0.014063
0 0.902344 0.350781 0.014063 0.017188
0 0.908594 0.370312 0.020313 0.021875
0 0.909375 0.392188 0.021875 0.021875
0 0.910156 0.414062 0.023438 0.021875
0 0.927344 0.431250 0.017188 0.018750
0 0.929688 0.411719 0.015625 0.017188
0 0.931250 0.392188 0.018750 0.018750
0 0.930469 0.372656 0.020313 0.020313
0 0.917188 0.351562 0.015625 0.018750
0 0.933594 0.351562 0.017188 0.015625
0 0.946875 0.431250 0.015625 0.018750
0 0.948438 0.412500 0.015625 0.015625
0 0.950781 0.392969 0.017188 0.020313
0 0.951562 0.372656 0.018750 0.017188
0 0.953125 0.355469 0.015625 0.017188
0 0.953906 0.339062 0.017188 0.015625
0 0.955469 0.320312 0.017188 0.015625
0 0.957031 0.304688 0.017188 0.015625
0 0.963281 0.431250 0.014063 0.015625
0 0.964063 0.413281 0.015625 0.017188
0 0.965625 0.392969 0.015625 0.017188
0 0.967187 0.373437 0.015625 0.018750
0 0.970313 0.355469 0.012500 0.010937
0 0.971094 0.342969 0.010937 0.010937
0 0.971875 0.331250 0.012500 0.012500
0 0.974219 0.316406 0.014063 0.014063
0 0.974219 0.300781 0.014063 0.014063
0 0.978906 0.432031 0.010937 0.010937
0 0.976562 0.422656 0.012500 0.010937
0 0.978125 0.410156 0.009375 0.010937
0 0.978906 0.397656 0.010937 0.010937
0 0.980469 0.384375 0.010937 0.012500
0 0.981250 0.373437 0.012500 0.012500
0 0.981250 0.357031 0.009375 0.010937
0 0.982812 0.344531 0.009375 0.010937
0 0.984375 0.332031 0.009375 0.010937
0 0.986719 0.315625 0.010937 0.009375
0 0.989062 0.303125 0.012500 0.012500
0 0.996094 0.304688 0.007812 0.012500
0 0.996094 0.317969 0.007812 0.014063
0 0.994531 0.332031 0.010937 0.014063
0 0.994531 0.345313 0.010937 0.009375
0 0.993750 0.358594 0.012500 0.014063
0 0.992969 0.373437 0.010937 0.012500
0 0.991406 0.386719 0.010937 0.010937
0 0.991406 0.398438 0.010937 0.012500
0 0.989844 0.412500 0.010937 0.012500
0 0.988281 0.425000 0.010937 0.012500