0 0.467187 0.255469 0.021875 0.023438
0 0.489063 0.240625 0.021875 0.025000
0 0.510938 0.253125 0.021875 0.025000
0 0.535156 0.260156 0.020313 0.023438
0 0.560937 0.264844 0.021875 0.026562
0 0.585156 0.253125 0.023438 0.025000
0 0.608594 0.266406 0.023438 0.026562
0 0.473438 0.289844 0.021875 0.023438
0 0.478906 0.314844 0.023438 0.023438
0 0.484375 0.340625 0.025000 0.028125
0 0.501563 0.304688 0.021875 0.025000
0 0.507812 0.328906 0.021875 0.023438
0 0.516406 0.353125 0.023438 0.025000
0 0.524219 0.292969 0.023438 0.023438
0 0.530469 0.317969 0.023438 0.023438
0 0.539062 0.342187 0.021875 0.025000
0 0.553906 0.307812 0.023438 0.025000
0 0.576562 0.296875 0.021875 0.025000
0 0.561719 0.332031 0.020313 0.023438
0 0.586719 0.321875 0.023438 0.025000
0 0.609375 0.310937 0.021875 0.025000
0 0.525781 0.386719 0.023438 0.023438
0 0.549219 0.377344 0.023438 0.023438
0 0.571875 0.366406 0.021875 0.023438
0 0.595313 0.356250 0.021875 0.025000
0 0.617969 0.344531 0.023438 0.023438
0 0.638281 0.337500 0.014063 0.018750
0 0.536719 0.413281 0.023438 0.029687
0 0.560156 0.400781 0.023438 0.023438
0 0.582812 0.389844 0.021875 0.023438
0 0.605469 0.379688 0.023438 0.021875
0 0.628906 0.367969 0.023438 0.023438
0 0.648438 0.359375 0.012500 0.015625
0 0.570312 0.425000 0.021875 0.025000
0 0.592969 0.414844 0.023438 0.026562
0 0.615625 0.403906 0.021875 0.026562
0 0.638281 0.393750 0.023438 0.028125
0 0.657813 0.384375 0.012500 0.018750
0 0.691406 0.442969 0.017188 0.017188
0 0.698438 0.462500 0.018750 0.018750
0 0.706250 0.480469 0.018750 0.017188
0 0.713281 0.498437 0.017188 0.018750
0 0.719531 0.517188 0.017188 0.018750
0 0.726562 0.535937 0.018750 0.018750
0 0.733594 0.555469 0.017188 0.020313
0 0.673438 0.450781 0.015625 0.017188
0 0.679688 0.468750 0.018750 0.018750
0 0.687500 0.487500 0.018750 0.018750
0 0.694531 0.506250 0.017188 0.018750
0 0.701562 0.524219 0.018750 0.017188
0 0.708594 0.542969 0.017188 0.017188
0 0.714844 0.561719 0.017188 0.017188
0 0.657813 0.464062 0.015625 0.015625
0 0.663281 0.478906 0.014063 0.014063
0 0.668750 0.493750 0.015625 0.015625
0 0.674219 0.508594 0.017188 0.014063
0 0.680469 0.523438 0.017188 0.015625
0 0.685937 0.538281 0.015625 0.014063
0 0.692187 0.553906 0.015625 0.017188
0 0.642969 0.469531 0.014063 0.017188
0 0.649219 0.485156 0.014063 0.014063
0 0.653906 0.499219 0.014063 0.014063
0 0.658594 0.514844 0.014063 0.014063
0 0.664844 0.528906 0.014063 0.014063
0 0.671094 0.544531 0.014063 0.014063
0 0.676562 0.559375 0.015625 0.015625
0 0.628906 0.475781 0.014063 0.014063
0 0.634375 0.489844 0.015625 0.014063
0 0.639844 0.505469 0.014063 0.017188
0 0.644531 0.520312 0.014063 0.012500
0 0.650781 0.535156 0.014063 0.014063
0 0.656250 0.549219 0.012500 0.014063
0 0.661719 0.564844 0.014063 0.017188
0 0.614062 0.481250 0.015625 0.015625
0 0.619531 0.496094 0.014063 0.014063
0 0.625781 0.510938 0.014063 0.015625
0 0.630469 0.525781 0.014063 0.014063
0 0.635938 0.539844 0.015625 0.014063
0 0.641406 0.554688 0.014063 0.015625
0 0.646875 0.570312 0.015625 0.015625
0 0.594531 0.492969 0.007812 0.010937
0 0.605469 0.501563 0.014063 0.015625
0 0.610156 0.517969 0.017188 0.014063
0 0.616406 0.532813 0.014063 0.015625
0 0.621094 0.549219 0.014063 0.017188
0 0.582031 0.507031 0.014063 0.014063
0 0.589844 0.522656 0.014063 0.014063
0 0.596875 0.537500 0.015625 0.015625
0 0.603125 0.551562 0.012500 0.012500
0 0.582031 0.546094 0.014063 0.014063
0 0.573438 0.530469 0.012500 0.014063
0 0.842969 0.629687 0.026562 0.028125
0 0.625000 0.601562 0.018750 0.018750
0 0.620313 0.617969 0.012500 0.014063
0 0.617188 0.632031 0.012500 0.014063
0 0.642969 0.607812 0.017188 0.018750
0 0.635938 0.626563 0.018750 0.018750
0 0.628906 0.645312 0.017188 0.018750
0 0.624219 0.661719 0.014063 0.014063
0 0.676562 0.603125 0.012500 0.012500
0 0.704688 0.606250 0.018750 0.021875
0 0.661719 0.614844 0.017188 0.017188
0 0.654687 0.632812 0.018750 0.018750
0 0.648438 0.651563 0.018750 0.018750
0 0.642188 0.671094 0.015625 0.017188
0 0.666406 0.672656 0.023438 0.026562
0 0.684375 0.623437 0.021875 0.025000
0 0.675000 0.647656 0.021875 0.023438
0 0.709375 0.632031 0.021875 0.023438
0 0.700781 0.656250 0.023438 0.021875
0 0.692187 0.681250 0.021875 0.025000
0 0.689063 0.711719 0.025000 0.026562
0 0.688281 0.737500 0.023438 0.025000
0 0.686719 0.762500 0.023438 0.025000
0 0.733594 0.662500 0.010937 0.012500
0 0.742969 0.689063 0.010937 0.012500
0 0.719531 0.682813 0.023438 0.025000
0 0.710938 0.773438 0.012500 0.015625
0 0.714844 0.726562 0.017188 0.018750
0 0.739062 0.708594 0.015625 0.017188
0 0.717187 0.706250 0.018750 0.018750
0 0.716406 0.750781 0.020313 0.023438
0 0.736719 0.732031 0.014063 0.017188
0 0.662500 0.732031 0.012500 0.014063
0 0.660937 0.745313 0.012500 0.012500
0 0.660937 0.757812 0.012500 0.012500
0 0.659375 0.773438 0.012500 0.015625
0 0.664062 0.803125 0.018750 0.018750
0 0.662500 0.822656 0.018750 0.020313
0 0.657031 0.843750 0.023438 0.021875
0 0.653906 0.868750 0.023438 0.025000
0 0.632031 0.814063 0.014063 0.012500
0 0.628906 0.825781 0.014063 0.010937
0 0.624219 0.838281 0.010937 0.014063
0 0.621094 0.850781 0.014063 0.010937
0 0.618750 0.864062 0.012500 0.012500
0 0.612500 0.812500 0.009375 0.009375
0 0.609375 0.825781 0.006250 0.007812
0 0.646094 0.714063 0.017188 0.018750
0 0.608594 0.710156 0.017188 0.017188
0 0.641406 0.733594 0.010937 0.010937
0 0.641406 0.746875 0.010937 0.012500
0 0.628125 0.732031 0.009375 0.010937
0 0.615625 0.731250 0.012500 0.012500
0 0.602344 0.730469 0.010937 0.010937
0 0.603125 0.744531 0.012500 0.010937
0 0.601562 0.757031 0.012500 0.014063
0 0.613281 0.769531 0.010937 0.010937
0 0.625781 0.771094 0.010937 0.010937
0 0.615625 0.743750 0.012500 0.012500
0 0.614062 0.757031 0.012500 0.014063
0 0.628125 0.745313 0.012500 0.015625
0 0.626563 0.759375 0.012500 0.012500
0 0.637500 0.980469 0.006250 0.007812
0 0.654687 0.977344 0.006250 0.007812
0 0.646094 0.978906 0.007812 0.007812
0 0.628906 0.981250 0.007812 0.009375
0 0.633594 0.992188 0.007812 0.009375
0 0.265625 0.850781 0.015625 0.017188
0 0.261719 0.869531 0.017188 0.017188
0 0.259375 0.888281 0.018750 0.017188
0 0.260156 0.907813 0.017188 0.018750
0 0.277344 0.916406 0.017188 0.017188
0 0.272656 0.934375 0.017188 0.018750
0 0.265625 0.952344 0.012500 0.014063
0 0.255469 0.925781 0.017188 0.017188
0 0.250000 0.942969 0.015625 0.017188
0 0.207031 0.662500 0.026562 0.025000
0 0.227344 0.686719 0.023438 0.023438
0 0.241406 0.715625 0.020313 0.028125
0 0.253125 0.742188 0.021875 0.025000
0 0.260156 0.767969 0.020313 0.026562
0 0.209375 0.707812 0.015625 0.018750
0 0.209375 0.732812 0.015625 0.018750
0 0.221094 0.756250 0.017188 0.018750
0 0.234375 0.777344 0.018750 0.020313
0 0.246094 0.799219 0.017188 0.020313
0 0.977344 0.659375 0.045312 0.062500
0 0.921875 0.703125 0.037500 0.040625
0 0.960156 0.700781 0.035937 0.035937
0 0.989844 0.724219 0.020313 0.035937
0 0.961719 0.739844 0.035937 0.035937
0 0.990625 0.756250 0.018750 0.021875
0 0.971094 0.796094 0.035937 0.035937
0 0.974219 0.845313 0.051562 0.062500
0 0.297656 0.411719 0.042188 0.045312
0 0.316406 0.458594 0.042188 0.045312
0 0.332031 0.506250 0.042188 0.046875
0 0.242188 0.425781 0.028125 0.032813
0 0.263281 0.460938 0.029687 0.031250
0 0.276562 0.503125 0.031250 0.031250
0 0.301563 0.560937 0.021875 0.025000
0 0.274219 0.541406 0.026562 0.026562
0 0.239844 0.488281 0.023438 0.023438
0 0.209375 0.460938 0.028125 0.031250
0 0.141406 0.484375 0.014063 0.015625
0 0.161719 0.498437 0.023438 0.025000
0 0.192969 0.512500 0.023438 0.025000
0 0.130469 0.510156 0.026562 0.029687
0 0.162500 0.532031 0.028125 0.029687
0 0.128125 0.547656 0.028125 0.029687
0 0.914844 0.004687 0.020313 0.009375
0 0.471094 0.020313 0.014063 0.015625
0 0.453125 0.042188 0.012500 0.012500
0 0.465625 0.036719 0.012500 0.010937
0 0.449219 0.032813 0.010937 0.012500
0 0.460156 0.025781 0.014063 0.010937
0 0.442969 0.020313 0.010937 0.012500
0 0.454688 0.016406 0.012500 0.010937
0 0.465625 0.008594 0.012500 0.010937
0 0.437500 0.006250 0.012500 0.012500
0 0.450781 0.003125 0.014063 0.006250