0 0.637500 0.080469 0.006250 0.007812
0 0.654687 0.077344 0.006250 0.007812
0 0.646094 0.078906 0.007812 0.007812
0 0.628906 0.081250 0.007812 0.009375
0 0.633594 0.092188 0.007812 0.009375
0 0.643750 0.110156 0.012500 0.014063
0 0.260156 0.008594 0.017188 0.017188
0 0.277344 0.016406 0.017188 0.017188
0 0.272656 0.034375 0.017188 0.018750
0 0.265625 0.052344 0.012500 0.014063
0 0.255469 0.025781 0.017188 0.017188
0 0.250000 0.042969 0.015625 0.017188
0 0.242969 0.119531 0.017188 0.017188
0 0.238281 0.139063 0.017188 0.018750
0 0.234375 0.158594 0.018750 0.020313
0 0.230469 0.177344 0.017188 0.017188
0 0.253906 0.161719 0.017188 0.017188
0 0.261719 0.122656 0.017188 0.017188
0 0.257031 0.142969 0.017188 0.017188
0 0.358594 0.115625 0.017188 0.015625
0 0.372656 0.121875 0.010937 0.012500
0 0.384375 0.132031 0.012500 0.010937
0 0.379688 0.143750 0.012500 0.012500
0 0.365625 0.137500 0.015625 0.018750
0 0.348438 0.131250 0.015625 0.015625
0 0.332813 0.142969 0.015625 0.020313
0 0.326562 0.160156 0.012500 0.014063
0 0.325781 0.175781 0.014063 0.014063
0 0.340625 0.164844 0.015625 0.017188
0 0.350781 0.149219 0.014063 0.017188
0 0.367969 0.157031 0.017188 0.017188
0 0.357812 0.175000 0.015625 0.018750
0 0.374219 0.179688 0.014063 0.015625
0 0.382031 0.165625 0.010937 0.012500
0 0.409375 0.147656 0.012500 0.014063
0 0.408594 0.160156 0.010937 0.010937
0 0.421875 0.150781 0.012500 0.014063
0 0.420312 0.163281 0.012500 0.010937
0 0.436719 0.154688 0.010937 0.012500
0 0.433594 0.167969 0.010937 0.010937
0 0.447656 0.150781 0.010937 0.010937
0 0.447656 0.161719 0.010937 0.010937
0 0.445312 0.172656 0.009375 0.010937
0 0.462500 0.144531 0.012500 0.010937
0 0.461719 0.156250 0.010937 0.009375
0 0.460156 0.168750 0.014063 0.012500
0 0.471094 0.135156 0.010937 0.010937
0 0.485938 0.132812 0.018750 0.018750
0 0.504687 0.132031 0.015625 0.017188
0 0.512500 0.146875 0.009375 0.009375
0 0.496875 0.150000 0.015625 0.015625
0 0.477344 0.150781 0.017188 0.017188
0 0.681250 0.298438 0.015625 0.018750
0 0.720313 0.255469 0.009375 0.007812
0 0.723437 0.267188 0.009375 0.009375
0 0.727344 0.281250 0.014063 0.012500
0 0.732812 0.297656 0.012500 0.014063
0 0.746094 0.289062 0.014063 0.015625
0 0.760156 0.281250 0.010937 0.012500
0 0.768750 0.258594 0.012500 0.014063
0 0.755469 0.265625 0.014063 0.015625
0 0.741406 0.273438 0.014063 0.012500
0 0.743750 0.256250 0.009375 0.012500
0 0.764062 0.242969 0.012500 0.014063
0 0.730469 0.250000 0.010937 0.012500
0 0.733594 0.261719 0.010937 0.010937
0 0.748437 0.242188 0.012500 0.012500
0 0.004687 0.336719 0.009375 0.014063
0 0.004687 0.350781 0.009375 0.017188
0 0.009375 0.370312 0.018750 0.021875
0 0.010156 0.392188 0.020313 0.021875
0 0.010937 0.414062 0.021875 0.021875
0 0.027344 0.431250 0.017188 0.018750
0 0.029687 0.411719 0.015625 0.017188
0 0.031250 0.392188 0.018750 0.018750
0 0.030469 0.372656 0.020313 0.020313
0 0.017188 0.351562 0.015625 0.018750
0 0.033594 0.351562 0.017188 0.015625
0 0.046875 0.431250 0.015625 0.018750
0 0.048438 0.412500 0.015625 0.015625
0 0.050781 0.392969 0.017188 0.020313
0 0.051562 0.372656 0.018750 0.017188
0 0.053125 0.355469 0.015625 0.017188
0 0.053906 0.339062 0.017188 0.015625
0 0.055469 0.320312 0.017188 0.015625
0 0.057031 0.304688 0.017188 0.015625
0 0.063281 0.431250 0.014063 0.015625
0 0.064062 0.413281 0.015625 0.017188
0 0.065625 0.392969 0.015625 0.017188
0 0.067187 0.373437 0.015625 0.018750
0 0.070312 0.355469 0.012500 0.010937
0 0.071094 0.342969 0.010937 0.010937
0 0.071875 0.331250 0.012500 0.012500
0 0.074219 0.316406 0.014063 0.014063
0 0.074219 0.300781 0.014063 0.014063
0 0.078906 0.432031 0.010937 0.010937
0 0.076563 0.422656 0.012500 0.010937
0 0.078125 0.410156 0.009375 0.010937
0 0.078906 0.397656 0.010937 0.010937
0 0.080469 0.384375 0.010937 0.012500
0 0.081250 0.373437 0.012500 0.012500
0 0.081250 0.357031 0.009375 0.010937
0 0.082812 0.344531 0.009375 0.010937
0 0.084375 0.332031 0.009375 0.010937
0 0.086719 0.315625 0.010937 0.009375
0 0.089063 0.303125 0.012500 0.012500
0 0.098437 0.304688 0.012500 0.012500
0 0.097656 0.317969 0.010937 0.014063
0 0.095312 0.332031 0.012500 0.014063
0 0.094531 0.345313 0.010937 0.009375
0 0.093750 0.358594 0.012500 0.014063
0 0.092969 0.373437 0.010937 0.012500
0 0.091406 0.386719 0.010937 0.010937
0 0.091406 0.398438 0.010937 0.012500
0 0.089844 0.412500 0.010937 0.012500
0 0.088281 0.425000 0.010937 0.012500