0 0.167187 0.255469 0.021875 0.023438
0 0.189062 0.240625 0.021875 0.025000
0 0.210938 0.253125 0.021875 0.025000
0 0.235156 0.260156 0.020313 0.023438
0 0.260937 0.264844 0.021875 0.026562
0 0.285156 0.253125 0.023438 0.025000
0 0.308594 0.266406 0.023438 0.026562
0 0.173437 0.289844 0.021875 0.023438
0 0.178906 0.314844 0.023438 0.023438
0 0.184375 0.340625 0.025000 0.028125
0 0.201563 0.304688 0.021875 0.025000
0 0.207813 0.328906 0.021875 0.023438
0 0.216406 0.353125 0.023438 0.025000
0 0.224219 0.292969 0.023438 0.023438
0 0.230469 0.317969 0.023438 0.023438
0 0.239063 0.342187 0.021875 0.025000
0 0.253906 0.307812 0.023438 0.025000
0 0.276562 0.296875 0.021875 0.025000
0 0.261719 0.332031 0.020313 0.023438
0 0.286719 0.321875 0.023438 0.025000
0 0.309375 0.310937 0.021875 0.025000
0 0.225781 0.386719 0.023438 0.023438
0 0.249219 0.377344 0.023438 0.023438
0 0.271875 0.366406 0.021875 0.023438
0 0.295312 0.356250 0.021875 0.025000
0 0.317969 0.344531 0.023438 0.023438
0 0.338281 0.337500 0.014063 0.018750
0 0.236719 0.413281 0.023438 0.029687
0 0.260156 0.400781 0.023438 0.023438
0 0.282813 0.389844 0.021875 0.023438
0 0.305469 0.379688 0.023438 0.021875
0 0.328906 0.367969 0.023438 0.023438
0 0.348438 0.359375 0.012500 0.015625
0 0.270313 0.425000 0.021875 0.025000
0 0.292969 0.414844 0.023438 0.026562
0 0.315625 0.403906 0.021875 0.026562
0 0.338281 0.393750 0.023438 0.028125
0 0.357812 0.384375 0.012500 0.018750
0 0.391406 0.442969 0.017188 0.017188
0 0.398438 0.462500 0.018750 0.018750
0 0.406250 0.480469 0.018750 0.017188
0 0.413281 0.498437 0.017188 0.018750
0 0.419531 0.517188 0.017188 0.018750
0 0.426563 0.535937 0.018750 0.018750
0 0.433594 0.555469 0.017188 0.020313
0 0.373437 0.450781 0.015625 0.017188
0 0.379688 0.468750 0.018750 0.018750
0 0.387500 0.487500 0.018750 0.018750
0 0.394531 0.506250 0.017188 0.018750
0 0.401562 0.524219 0.018750 0.017188
0 0.408594 0.542969 0.017188 0.017188
0 0.414844 0.561719 0.017188 0.017188
0 0.357812 0.464062 0.015625 0.015625
0 0.363281 0.478906 0.014063 0.014063
0 0.368750 0.493750 0.015625 0.015625
0 0.374219 0.508594 0.017188 0.014063
0 0.380469 0.523438 0.017188 0.015625
0 0.385937 0.538281 0.015625 0.014063
0 0.392188 0.553906 0.015625 0.017188
0 0.342969 0.469531 0.014063 0.017188
0 0.349219 0.485156 0.014063 0.014063
0 0.353906 0.499219 0.014063 0.014063
0 0.358594 0.514844 0.014063 0.014063
0 0.364844 0.528906 0.014063 0.014063
0 0.371094 0.544531 0.014063 0.014063
0 0.376563 0.559375 0.015625 0.015625
0 0.328906 0.475781 0.014063 0.014063
0 0.334375 0.489844 0.015625 0.014063
0 0.339844 0.505469 0.014063 0.017188
0 0.344531 0.520312 0.014063 0.012500
0 0.350781 0.535156 0.014063 0.014063
0 0.356250 0.549219 0.012500 0.014063
0 0.361719 0.564844 0.014063 0.017188
0 0.314063 0.481250 0.015625 0.015625
0 0.319531 0.496094 0.014063 0.014063
0 0.325781 0.510938 0.014063 0.015625
0 0.330469 0.525781 0.014063 0.014063
0 0.335938 0.539844 0.015625 0.014063
0 0.341406 0.554688 0.014063 0.015625
0 0.346875 0.570312 0.015625 0.015625
0 0.294531 0.492969 0.007812 0.010937
0 0.305469 0.501563 0.014063 0.015625
0 0.310156 0.517969 0.017188 0.014063
0 0.316406 0.532813 0.014063 0.015625
0 0.321094 0.549219 0.014063 0.017188
0 0.282031 0.507031 0.014063 0.014063
0 0.289844 0.522656 0.014063 0.014063
0 0.296875 0.537500 0.015625 0.015625
0 0.303125 0.551562 0.012500 0.012500
0 0.282031 0.546094 0.014063 0.014063
0 0.273438 0.530469 0.012500 0.014063
0 0.542969 0.629687 0.026562 0.028125
0 0.325000 0.601562 0.018750 0.018750
0 0.320312 0.617969 0.012500 0.014063
0 0.317188 0.632031 0.012500 0.014063
0 0.342969 0.607812 0.017188 0.018750
0 0.335938 0.626563 0.018750 0.018750
0 0.328906 0.645312 0.017188 0.018750
0 0.324219 0.661719 0.014063 0.014063
0 0.376563 0.603125 0.012500 0.012500
0 0.404687 0.606250 0.018750 0.021875
0 0.361719 0.614844 0.017188 0.017188
0 0.354687 0.632812 0.018750 0.018750
0 0.348438 0.651563 0.018750 0.018750
0 0.342187 0.671094 0.015625 0.017188
0 0.366406 0.672656 0.023438 0.026562
0 0.384375 0.623437 0.021875 0.025000
0 0.375000 0.647656 0.021875 0.023438
0 0.409375 0.632031 0.021875 0.023438
0 0.400781 0.656250 0.023438 0.021875
0 0.392188 0.681250 0.021875 0.025000
0 0.389062 0.711719 0.025000 0.026562
0 0.388281 0.737500 0.023438 0.025000
0 0.386719 0.762500 0.023438 0.025000
0 0.433594 0.662500 0.010937 0.012500
0 0.442969 0.689063 0.010937 0.012500
0 0.419531 0.682813 0.023438 0.025000
0 0.410938 0.773438 0.012500 0.015625
0 0.414844 0.726562 0.017188 0.018750
0 0.439063 0.708594 0.015625 0.017188
0 0.417187 0.706250 0.018750 0.018750
0 0.416406 0.750781 0.020313 0.023438
0 0.436719 0.732031 0.014063 0.017188
0 0.362500 0.732031 0.012500 0.014063
0 0.360938 0.745313 0.012500 0.012500
0 0.360938 0.757812 0.012500 0.012500
0 0.359375 0.773438 0.012500 0.015625
0 0.364063 0.803125 0.018750 0.018750
0 0.362500 0.822656 0.018750 0.020313
0 0.357031 0.843750 0.023438 0.021875
0 0.353906 0.868750 0.023438 0.025000
0 0.332031 0.814063 0.014063 0.012500
0 0.328906 0.825781 0.014063 0.010937
0 0.324219 0.838281 0.010937 0.014063
0 0.321094 0.850781 0.014063 0.010937
0 0.318750 0.864062 0.012500 0.012500
0 0.312500 0.812500 0.009375 0.009375
0 0.309375 0.825781 0.006250 0.007812
0 0.346094 0.714063 0.017188 0.018750
0 0.308594 0.710156 0.017188 0.017188
0 0.341406 0.733594 0.010937 0.010937
0 0.341406 0.746875 0.010937 0.012500
0 0.328125 0.732031 0.009375 0.010937
0 0.315625 0.731250 0.012500 0.012500
0 0.302344 0.730469 0.010937 0.010937
0 0.303125 0.744531 0.012500 0.010937
0 0.301563 0.757031 0.012500 0.014063
0 0.313281 0.769531 0.010937 0.010937
0 0.325781 0.771094 0.010937 0.010937
0 0.315625 0.743750 0.012500 0.012500
0 0.314063 0.757031 0.012500 0.014063
0 0.328125 0.745313 0.012500 0.015625
0 0.326562 0.759375 0.012500 0.012500
0 0.337500 0.980469 0.006250 0.007812
0 0.354687 0.977344 0.006250 0.007812
0 0.346094 0.978906 0.007812 0.007812
0 0.328906 0.981250 0.007812 0.009375
0 0.333594 0.992188 0.007812 0.009375
0 0.732031 0.612500 0.060937 0.062500
0 0.685156 0.659375 0.060937 0.062500
0 0.621875 0.703125 0.037500 0.040625
0 0.660156 0.700781 0.035937 0.035937
0 0.696875 0.724219 0.034375 0.035937
0 0.661719 0.739844 0.035937 0.035937
0 0.690625 0.756250 0.018750 0.021875
0 0.671094 0.796094 0.035937 0.035937
0 0.678125 0.845313 0.059375 0.062500
0 0.941406 0.616406 0.017188 0.020313
0 0.925000 0.628906 0.018750 0.023438
0 0.907031 0.641406 0.017188 0.023438
0 0.867969 0.616406 0.017188 0.020313
0 0.879687 0.634375 0.018750 0.018750
0 0.889844 0.653125 0.017188 0.018750
0 0.909375 0.685156 0.028125 0.029687
0 0.009375 0.411719 0.018750 0.045312
0 0.018750 0.458594 0.037500 0.045312
0 0.032031 0.506250 0.042188 0.046875
0 0.006250 0.560937 0.012500 0.025000
0 0.614844 0.004687 0.020313 0.009375
0 0.171094 0.020313 0.014063 0.015625
0 0.153125 0.042188 0.012500 0.012500
0 0.165625 0.036719 0.012500 0.010937
0 0.149219 0.032813 0.010937 0.012500
0 0.160156 0.025781 0.014063 0.010937
0 0.142969 0.020313 0.010937 0.012500
0 0.154688 0.016406 0.012500 0.010937
0 0.165625 0.008594 0.012500 0.010937
0 0.137500 0.006250 0.012500 0.012500
0 0.150781 0.003125 0.014063 0.006250