0 0.337500 0.080469 0.006250 0.007812
0 0.354687 0.077344 0.006250 0.007812
0 0.346094 0.078906 0.007812 0.007812
0 0.328906 0.081250 0.007812 0.009375
0 0.333594 0.092188 0.007812 0.009375
0 0.343750 0.110156 0.012500 0.014063
0 0.058594 0.115625 0.017188 0.015625
0 0.072656 0.121875 0.010937 0.012500
0 0.084375 0.132031 0.012500 0.010937
0 0.079687 0.143750 0.012500 0.012500
0 0.065625 0.137500 0.015625 0.018750
0 0.048438 0.131250 0.015625 0.015625
0 0.032813 0.142969 0.015625 0.020313
0 0.026562 0.160156 0.012500 0.014063
0 0.025781 0.175781 0.014063 0.014063
0 0.040625 0.164844 0.015625 0.017188
0 0.050781 0.149219 0.014063 0.017188
0 0.067969 0.157031 0.017188 0.017188
0 0.057813 0.175000 0.015625 0.018750
0 0.074219 0.179688 0.014063 0.015625
0 0.082031 0.165625 0.010937 0.012500
0 0.109375 0.147656 0.012500 0.014063
0 0.108594 0.160156 0.010937 0.010937
0 0.121875 0.150781 0.012500 0.014063
0 0.120313 0.163281 0.012500 0.010937
0 0.136719 0.154688 0.010937 0.012500
0 0.133594 0.167969 0.010937 0.010937
0 0.147656 0.150781 0.010937 0.010937
0 0.147656 0.161719 0.010937 0.010937
0 0.145313 0.172656 0.009375 0.010937
0 0.162500 0.144531 0.012500 0.010937
0 0.161719 0.156250 0.010937 0.009375
0 0.160156 0.168750 0.014063 0.012500
0 0.171094 0.135156 0.010937 0.010937
0 0.185938 0.132812 0.018750 0.018750
0 0.204687 0.132031 0.015625 0.017188
0 0.212500 0.146875 0.009375 0.009375
0 0.196875 0.150000 0.015625 0.015625
0 0.177344 0.150781 0.017188 0.017188
0 0.381250 0.298438 0.015625 0.018750
0 0.420312 0.255469 0.009375 0.007812
0 0.423438 0.267188 0.009375 0.009375
0 0.427344 0.281250 0.014063 0.012500
0 0.432812 0.297656 0.012500 0.014063
0 0.446094 0.289062 0.014063 0.015625
0 0.460156 0.281250 0.010937 0.012500
0 0.468750 0.258594 0.012500 0.014063
0 0.455469 0.265625 0.014063 0.015625
0 0.441406 0.273438 0.014063 0.012500
0 0.443750 0.256250 0.009375 0.012500
0 0.464062 0.242969 0.012500 0.014063
0 0.430469 0.250000 0.010937 0.012500
0 0.433594 0.261719 0.010937 0.010937
0 0.448437 0.242188 0.012500 0.012500