0 0.792188 0.742188 0.012500 0.015625
0 0.767969 0.709375 0.010937 0.012500
0 0.753906 0.697656 0.017188 0.017188
0 0.741406 0.678906 0.020313 0.020313
0 0.729688 0.660156 0.018750 0.017188
0 0.716406 0.642188 0.017188 0.018750
0 0.705469 0.624219 0.017188 0.017188
0 0.687500 0.657813 0.015625 0.018750
0 0.716406 0.686719 0.017188 0.020313
0 0.733594 0.701562 0.017188 0.018750
0 0.749219 0.715625 0.014063 0.015625
0 0.763281 0.727344 0.010937 0.010937
0 0.711719 0.725781 0.020313 0.023438
0 0.729688 0.738281 0.018750 0.023438
0 0.750000 0.750000 0.018750 0.018750
0 0.773438 0.764844 0.015625 0.017188
0 0.703906 0.745313 0.017188 0.015625
0 0.722656 0.758594 0.017188 0.017188
0 0.741406 0.769531 0.014063 0.017188
0 0.757812 0.775781 0.015625 0.017188