0 0.614844 0.899219 0.020313 0.020313
0 0.171094 0.920312 0.014063 0.015625
0 0.153125 0.942187 0.012500 0.012500
0 0.165625 0.936719 0.012500 0.010937
0 0.149219 0.932813 0.010937 0.012500
0 0.160156 0.925781 0.014063 0.010937
0 0.142969 0.920312 0.010937 0.012500
0 0.154688 0.916406 0.012500 0.010937
0 0.165625 0.908594 0.012500 0.010937
0 0.137500 0.905469 0.012500 0.014063
0 0.150781 0.900781 0.014063 0.010937
0 0.161719 0.898438 0.014063 0.012500
0 0.134375 0.894531 0.009375 0.010937
0 0.144531 0.892188 0.010937 0.009375
0 0.157031 0.886719 0.010937 0.007812
0 0.129688 0.887500 0.009375 0.009375
0 0.139844 0.882812 0.010937 0.009375
0 0.150000 0.875781 0.012500 0.010937
0 0.125000 0.879687 0.012500 0.009375
0 0.136719 0.874219 0.010937 0.007812
0 0.121094 0.871094 0.010937 0.010937
0 0.132031 0.864062 0.010937 0.006250
0 0.144531 0.864844 0.017188 0.010937