0 0.984375 0.281250 0.031250 0.050000
0 0.924219 0.367188 0.039062 0.040625
0 0.992969 0.496875 0.014063 0.031250
0 0.964844 0.499219 0.029687 0.029687
0 0.985156 0.700781 0.029687 0.073438
0 0.867969 0.712500 0.067187 0.078125
0 0.883594 0.853906 0.070312 0.079687
0 0.730469 0.735156 0.067187 0.067187
0 0.746875 0.880469 0.068750 0.070312
0 0.616406 0.717187 0.048438 0.050000
0 0.623437 0.798438 0.056250 0.059375
0 0.532813 0.731250 0.046875 0.046875
0 0.450000 0.737500 0.046875 0.053125
0 0.541406 0.806250 0.054688 0.056250
0 0.459375 0.812500 0.050000 0.059375
0 0.595313 0.902344 0.062500 0.079687
0 0.467187 0.882812 0.037500 0.043750
0 0.381250 0.889062 0.037500 0.043750
0 0.388281 0.946875 0.035937 0.043750
0 0.290625 0.939844 0.068750 0.070312
0 0.377344 0.829688 0.054688 0.056250
0 0.370312 0.746875 0.053125 0.053125
0 0.286719 0.757812 0.042188 0.040625
0 0.296875 0.838281 0.040625 0.048438
0 0.331250 0.644531 0.040625 0.042188
0 0.353906 0.612500 0.042188 0.040625
0 0.447656 0.442969 0.023438 0.026562
0 0.471875 0.440625 0.021875 0.025000