0 0.051562 0.552344 0.034375 0.039062
0 0.010937 0.631250 0.021875 0.050000
0 0.060156 0.622656 0.042188 0.048438
0 0.103125 0.533594 0.018750 0.020313
0 0.105469 0.559375 0.020313 0.021875
0 0.108594 0.589063 0.026562 0.028125
0 0.113281 0.625781 0.026562 0.029687
0 0.163281 0.546094 0.029687 0.032813
0 0.135937 0.491406 0.018750 0.017188
0 0.158594 0.489844 0.017188 0.020313
0 0.237500 0.469531 0.056250 0.057813
0 0.628906 0.653125 0.023438 0.025000
0 0.594531 0.663281 0.023438 0.023438
0 0.598437 0.704688 0.021875 0.021875
0 0.590625 0.635156 0.015625 0.014063
0 0.606250 0.631250 0.012500 0.012500
0 0.624219 0.630469 0.014063 0.010937
0 0.641406 0.628125 0.014063 0.015625
0 0.658594 0.626563 0.014063 0.018750
0 0.664844 0.696875 0.026562 0.028125
0 0.635938 0.726562 0.025000 0.034375
0 0.631250 0.694531 0.025000 0.029687
0 0.602344 0.735156 0.026562 0.026562
0 0.668750 0.732031 0.025000 0.023438
0 0.671875 0.766406 0.025000 0.026562
0 0.640625 0.764844 0.021875 0.023438
0 0.607812 0.771094 0.021875 0.026562
0 0.853125 0.866406 0.012500 0.014063
0 0.878125 0.863281 0.015625 0.014063
0 0.879687 0.877344 0.015625 0.017188
0 0.975000 0.655469 0.046875 0.042188
0 0.977344 0.725781 0.042188 0.045312
0 0.953906 0.805469 0.051562 0.064062
0 0.960938 0.875000 0.056250 0.062500
0 0.045312 0.500781 0.034375 0.035937