0 0.551562 0.171875 0.012500 0.012500
0 0.551562 0.184375 0.012500 0.012500
0 0.500000 0.188281 0.018750 0.017188
0 0.475781 0.189844 0.017188 0.020313
0 0.414062 0.197656 0.018750 0.023438
0 0.389062 0.207813 0.012500 0.012500
0 0.375781 0.207813 0.010937 0.012500
0 0.385937 0.240625 0.018750 0.018750
0 0.414062 0.238281 0.021875 0.020313
0 0.417187 0.264844 0.021875 0.023438
0 0.396094 0.260937 0.014063 0.012500
0 0.397656 0.274219 0.014063 0.014063
0 0.382031 0.263281 0.014063 0.014063
0 0.383594 0.276562 0.014063 0.015625
0 0.350000 0.256250 0.028125 0.028125
0 0.468750 0.249219 0.037500 0.035937
0 0.529687 0.249219 0.043750 0.048438
0 0.536719 0.310156 0.042188 0.051562
0 0.475781 0.314844 0.039062 0.042188
0 0.354687 0.294531 0.028125 0.029687
0 0.358594 0.336719 0.026562 0.029687
0 0.237500 0.275000 0.040625 0.040625
0 0.244531 0.343750 0.039062 0.046875
0 0.173437 0.282031 0.037500 0.042188
0 0.093750 0.281250 0.050000 0.050000
0 0.105469 0.357031 0.035937 0.039062
0 0.024219 0.367188 0.039062 0.040625
0 0.179688 0.360938 0.037500 0.037500
0 0.639062 0.201563 0.031250 0.028125
0 0.646094 0.244531 0.029687 0.029687
0 0.650000 0.290625 0.037500 0.037500
0 0.714063 0.280469 0.031250 0.032813
0 0.710156 0.239844 0.026562 0.029687
0 0.706250 0.196875 0.028125 0.028125
0 0.783594 0.193750 0.048438 0.050000
0 0.793750 0.271875 0.043750 0.053125
0 0.875000 0.183594 0.046875 0.051562
0 0.967187 0.137500 0.065625 0.075000
0 0.960156 0.264844 0.023438 0.026562
0 0.991406 0.258594 0.017188 0.032813
0 0.991406 0.298438 0.017188 0.025000
0 0.963281 0.303125 0.023438 0.025000
0 0.103125 0.496875 0.034375 0.031250
0 0.064844 0.499219 0.029687 0.029687
0 0.244531 0.678906 0.067187 0.073438
0 0.107031 0.700781 0.073438 0.073438
0 0.260937 0.814844 0.062500 0.064062
0 0.123438 0.837500 0.068750 0.078125