0 0.396875 0.053906 0.031250 0.032813
0 0.426563 0.092188 0.031250 0.034375
0 0.458594 0.130469 0.032813 0.032813
0 0.357812 0.085156 0.031250 0.032813
0 0.390625 0.122656 0.031250 0.032813
0 0.420312 0.161719 0.031250 0.032813
0 0.287500 0.142969 0.031250 0.032813
0 0.318750 0.181250 0.031250 0.034375
0 0.350000 0.218750 0.031250 0.031250
0 0.250781 0.172656 0.032813 0.032813
0 0.281250 0.210938 0.031250 0.031250
0 0.311719 0.249219 0.032813 0.032813
0 0.176563 0.233594 0.031250 0.032813
0 0.207031 0.271094 0.032813 0.032813
0 0.238281 0.310156 0.032813 0.032813
0 0.138281 0.264844 0.029687 0.032813
0 0.169531 0.302344 0.032813 0.032813
0 0.200000 0.341406 0.031250 0.035937
0 0.089844 0.352344 0.035937 0.035937
0 0.128125 0.399219 0.034375 0.035937
0 0.042969 0.389844 0.035937 0.035937
0 0.079687 0.435937 0.034375 0.034375
0 0.004687 0.425781 0.009375 0.026562
0 0.033594 0.473438 0.029687 0.031250
0 0.524219 0.210938 0.032813 0.034375
0 0.485938 0.242188 0.031250 0.034375
0 0.448437 0.273438 0.031250 0.031250
0 0.555469 0.249219 0.032813 0.032813
0 0.517188 0.280469 0.031250 0.032813
0 0.480469 0.311719 0.032813 0.032813
0 0.356250 0.337500 0.034375 0.034375
0 0.311719 0.373437 0.029687 0.028125
0 0.264062 0.411719 0.025000 0.026562
0 0.393750 0.384375 0.034375 0.037500
0 0.349219 0.420312 0.035937 0.037500
0 0.303906 0.458594 0.035937 0.035937
0 0.189062 0.475781 0.034375 0.035937
0 0.226562 0.522656 0.034375 0.035937
0 0.142969 0.514062 0.032813 0.034375
0 0.179688 0.560156 0.034375 0.035937
0 0.098437 0.550781 0.028125 0.029687
0 0.135937 0.596875 0.025000 0.025000