0 0.274219 0.507031 0.051562 0.048438
0 0.239063 0.280469 0.028125 0.026562
0 0.278906 0.278906 0.032813 0.029687
0 0.321094 0.283594 0.032813 0.032813
0 0.242969 0.227344 0.029687 0.029687
0 0.282031 0.229687 0.032813 0.031250
0 0.322656 0.232031 0.032813 0.029687
0 0.407813 0.286719 0.031250 0.029687
0 0.450781 0.285156 0.026562 0.026562
0 0.410156 0.242188 0.026562 0.025000
0 0.456250 0.244531 0.028125 0.026562
0 0.242188 0.015625 0.031250 0.028125
0 0.292969 0.016406 0.035937 0.032813
0 0.342969 0.017188 0.039062 0.034375
0 0.420312 0.017969 0.031250 0.029687
0 0.464844 0.020313 0.029687 0.031250
0 0.416406 0.107813 0.032813 0.028125
0 0.461719 0.110156 0.029687 0.026562
0 0.414844 0.153125 0.029687 0.031250
0 0.459375 0.152344 0.031250 0.032813
0 0.316406 0.116406 0.073438 0.064062
0 0.899219 0.909375 0.070312 0.068750
0 0.935156 0.875781 0.032813 0.026562