0 0.183594 0.037500 0.064062 0.059375
0 0.168750 0.332813 0.068750 0.059375
0 0.160156 0.511719 0.057813 0.060937
0 0.152344 0.678906 0.060937 0.057813
0 0.146094 0.790625 0.060937 0.059375
0 0.695312 0.741406 0.131250 0.120313
0 0.710156 0.428906 0.114062 0.110937
0 0.420312 0.349219 0.062500 0.057813
0 0.328125 0.345313 0.059375 0.059375
0 0.387500 0.394531 0.006250 0.001563
0 0.341406 0.046875 0.060937 0.056250
0 0.435156 0.050000 0.060937 0.062500
0 0.610156 0.055469 0.082812 0.079687
0 0.799219 0.066406 0.064062 0.057813
0 0.881250 0.070312 0.059375 0.056250