0 0.189062 0.456250 0.028125 0.031250
0 0.228125 0.460156 0.031250 0.032813
0 0.200000 0.576562 0.062500 0.062500
0 0.190625 0.754687 0.062500 0.056250
0 0.183594 0.937500 0.064062 0.059375
0 0.341406 0.946875 0.060937 0.056250
0 0.435156 0.950000 0.060937 0.062500
0 0.610156 0.955469 0.082812 0.079687
0 0.799219 0.966406 0.064062 0.057813
0 0.881250 0.970313 0.059375 0.056250
0 0.346094 0.763281 0.054688 0.060937
0 0.443750 0.770312 0.059375 0.053125
0 0.617969 0.789062 0.082812 0.078125
0 0.807031 0.790625 0.060937 0.062500
0 0.888281 0.791406 0.060937 0.070312
0 0.361719 0.623437 0.048438 0.046875
0 0.442969 0.627344 0.051562 0.048438
0 0.363281 0.555469 0.048438 0.051562
0 0.446094 0.559375 0.051562 0.046875
0 0.626563 0.601562 0.062500 0.062500
0 0.688281 0.630469 0.029687 0.029687
0 0.689844 0.576562 0.026562 0.028125
0 0.816406 0.606250 0.060937 0.059375
0 0.889062 0.603906 0.056250 0.057813
0 0.369531 0.382812 0.045312 0.046875
0 0.442969 0.380469 0.045312 0.042188
0 0.365625 0.447656 0.043750 0.042188
0 0.447656 0.453125 0.051562 0.040625
0 0.593750 0.396875 0.050000 0.046875
0 0.589844 0.457031 0.048438 0.042188
0 0.675781 0.399219 0.051562 0.048438
0 0.667969 0.458594 0.051562 0.048438
0 0.777344 0.464844 0.014063 0.017188
0 0.776563 0.489063 0.012500 0.015625
0 0.831250 0.454688 0.031250 0.034375
0 0.825781 0.489844 0.035937 0.035937
0 0.871094 0.453906 0.020313 0.023438
0 0.873437 0.486719 0.018750 0.023438
0 0.906250 0.489844 0.021875 0.023438
0 0.938281 0.492188 0.023438 0.025000
0 0.907031 0.461719 0.020313 0.023438
0 0.936719 0.463281 0.026562 0.023438
0 0.663281 0.278906 0.020313 0.020313
0 0.690625 0.278906 0.018750 0.020313
0 0.674219 0.169531 0.020313 0.020313
0 0.699219 0.173437 0.017188 0.018750
0 0.899219 0.021875 0.070312 0.043750