0 0.008594 0.489844 0.017188 0.023438
0 0.038281 0.492188 0.023438 0.025000
0 0.008594 0.461719 0.017188 0.023438
0 0.036719 0.463281 0.026562 0.023438
0 0.139844 0.033594 0.023438 0.020313
0 0.137500 0.052344 0.025000 0.020313
0 0.125781 0.461719 0.029687 0.035937
0 0.166406 0.463281 0.035937 0.029687
0 0.125000 0.503125 0.031250 0.037500
0 0.164844 0.503906 0.039062 0.026562
0 0.249219 0.502344 0.023438 0.023438
0 0.278906 0.505469 0.026562 0.029687
0 0.253906 0.472656 0.017188 0.023438
0 0.282031 0.471094 0.020313 0.020313
0 0.160156 0.614844 0.070312 0.060937
0 0.241406 0.618750 0.070312 0.062500
0 0.157812 0.799219 0.065625 0.060937
0 0.241406 0.804688 0.064062 0.062500
0 0.149219 0.974219 0.064062 0.051562
0 0.231250 0.976562 0.062500 0.046875
0 0.639062 0.988281 0.062500 0.023438
0 0.403906 0.961719 0.045312 0.045312
0 0.485938 0.964844 0.046875 0.048438
0 0.409375 0.845313 0.046875 0.046875
0 0.489844 0.849219 0.051562 0.051562
0 0.410938 0.782813 0.050000 0.046875
0 0.493750 0.785156 0.050000 0.048438
0 0.650000 0.822656 0.059375 0.054688
0 0.734375 0.829688 0.062500 0.059375
0 0.903906 0.847656 0.089063 0.079687
0 0.404687 0.656250 0.050000 0.046875
0 0.493750 0.666406 0.046875 0.045312
0 0.420312 0.602344 0.050000 0.048438
0 0.503906 0.608594 0.051562 0.057813
0 0.657031 0.642188 0.064062 0.056250
0 0.741406 0.650781 0.060937 0.060937
0 0.426563 0.493750 0.050000 0.050000
0 0.501563 0.493750 0.050000 0.043750
0 0.425000 0.428906 0.053125 0.045312
0 0.507031 0.431250 0.048438 0.046875
0 0.665625 0.474219 0.062500 0.060937
0 0.750000 0.478125 0.062500 0.065625
0 0.917188 0.640625 0.084375 0.084375
0 0.921094 0.492188 0.076563 0.084375