0 0.149219 0.080469 0.064062 0.064062
0 0.231250 0.085938 0.062500 0.065625
0 0.129688 0.380469 0.065625 0.060937
0 0.225781 0.383594 0.064062 0.060937
0 0.125781 0.520312 0.048438 0.050000
0 0.216406 0.525781 0.048438 0.051562
0 0.121094 0.588281 0.048438 0.048438
0 0.213281 0.593750 0.051562 0.046875
0 0.156250 0.780469 0.081250 0.070312
0 0.407031 0.792188 0.079687 0.078125
0 0.646094 0.803125 0.076563 0.078125
0 0.853906 0.874219 0.064062 0.064062
0 0.860156 0.758594 0.060937 0.057813
0 0.371875 0.600781 0.050000 0.045312
0 0.465625 0.602344 0.053125 0.045312
0 0.611719 0.614062 0.045312 0.050000
0 0.703906 0.615625 0.048438 0.050000
0 0.376563 0.530469 0.050000 0.045312
0 0.467969 0.535937 0.048438 0.046875
0 0.616406 0.542188 0.042188 0.050000
0 0.710156 0.547656 0.045312 0.048438
0 0.379688 0.425781 0.050000 0.048438
0 0.476562 0.428906 0.046875 0.048438
0 0.385156 0.357031 0.045312 0.048438
0 0.477344 0.358594 0.048438 0.048438
0 0.617969 0.396094 0.060937 0.060937
0 0.714844 0.405469 0.064062 0.057813
0 0.399219 0.124219 0.048438 0.048438
0 0.483594 0.128125 0.051562 0.046875
0 0.639062 0.105469 0.062500 0.057813
0 0.722656 0.109375 0.057813 0.062500
0 0.403906 0.061719 0.045312 0.045312
0 0.485938 0.064844 0.046875 0.048438
0 0.898438 0.110937 0.084375 0.078125