0 0.017188 0.909375 0.034375 0.068750
0 0.035156 0.875781 0.032813 0.026562
0 0.139844 0.933594 0.023438 0.020313
0 0.137500 0.952344 0.025000 0.020313
0 0.138281 0.892969 0.032813 0.029687
0 0.167187 0.892188 0.025000 0.025000
0 0.144531 0.863281 0.020313 0.020313
0 0.168750 0.864844 0.018750 0.020313
0 0.188281 0.865625 0.017188 0.025000
0 0.504687 0.321094 0.081250 0.076563
0 0.638281 0.327344 0.076563 0.076563
0 0.787500 0.334375 0.078125 0.078125
0 0.918750 0.340625 0.084375 0.078125
0 0.202344 0.329688 0.057813 0.056250
0 0.384375 0.085156 0.031250 0.032813