0 0.012500 0.969531 0.025000 0.042188
0 0.039844 0.993750 0.023438 0.012500
0 0.238281 0.821094 0.023438 0.023438
0 0.268750 0.819531 0.025000 0.023438
0 0.250781 0.853906 0.023438 0.023438
0 0.239844 0.878906 0.026562 0.026562
0 0.256250 0.907031 0.025000 0.023438
0 0.268750 0.882031 0.021875 0.023438
0 0.283594 0.853125 0.026562 0.028125
0 0.298438 0.820312 0.028125 0.031250
0 0.335156 0.819531 0.032813 0.029687
0 0.318750 0.851562 0.028125 0.031250
0 0.304688 0.882031 0.025000 0.023438
0 0.291406 0.906250 0.023438 0.021875
0 0.347656 0.845313 0.029687 0.028125
0 0.346875 0.875781 0.031250 0.029687
0 0.319531 0.905469 0.032813 0.029687
0 0.347656 0.905469 0.029687 0.029687
0 0.221875 0.042969 0.018750 0.023438
0 0.248438 0.047656 0.012500 0.010937
0 0.217969 0.070312 0.026562 0.025000
0 0.249219 0.071094 0.026562 0.023438
0 0.278125 0.071094 0.028125 0.023438
0 0.309375 0.073438 0.021875 0.021875
0 0.339844 0.074219 0.026562 0.020313
0 0.230469 0.110156 0.045312 0.039062
0 0.280469 0.111719 0.045312 0.039062
0 0.327344 0.111719 0.039062 0.039062
0 0.237500 0.159375 0.050000 0.046875
0 0.280469 0.179688 0.051562 0.046875
0 0.322656 0.158594 0.051562 0.048438
0 0.228906 0.213281 0.029687 0.029687
0 0.264062 0.214844 0.031250 0.029687
0 0.299219 0.214844 0.032813 0.029687
0 0.333594 0.214062 0.026562 0.031250
0 0.228906 0.249219 0.029687 0.029687
0 0.264062 0.249219 0.031250 0.029687
0 0.299219 0.249219 0.026562 0.026562
0 0.335156 0.247656 0.029687 0.029687
0 0.228906 0.353906 0.029687 0.032813
0 0.264062 0.351562 0.031250 0.031250
0 0.300781 0.353125 0.032813 0.031250
0 0.334375 0.353906 0.031250 0.032813
0 0.246094 0.378906 0.023438 0.023438
0 0.227344 0.407031 0.023438 0.026562
0 0.264062 0.410156 0.028125 0.029687
0 0.280469 0.379688 0.020313 0.021875
0 0.299219 0.407813 0.026562 0.021875
0 0.317188 0.380469 0.025000 0.020313
0 0.335938 0.408594 0.028125 0.029687
0 0.447656 0.908594 0.017188 0.017188
0 0.446875 0.925000 0.015625 0.018750
0 0.463281 0.907031 0.014063 0.014063
0 0.463281 0.925781 0.014063 0.014063
0 0.477344 0.906250 0.010937 0.012500
0 0.477344 0.927344 0.014063 0.014063
0 0.492969 0.909375 0.014063 0.018750
0 0.492969 0.926562 0.017188 0.015625
0 0.457813 0.873437 0.037500 0.040625
0 0.720313 0.930469 0.050000 0.045312
0 0.755469 0.905469 0.048438 0.051562
0 0.722656 0.878125 0.051562 0.050000
0 0.756250 0.849219 0.050000 0.048438
0 0.914062 0.052344 0.034375 0.035937
0 0.914844 0.021094 0.039062 0.032813