0 0.047656 0.611719 0.067187 0.067187
0 0.349219 0.513281 0.020313 0.020313
0 0.349219 0.526563 0.014063 0.012500
0 0.353125 0.538281 0.015625 0.014063
0 0.372656 0.544531 0.017188 0.020313
0 0.227344 0.344531 0.035937 0.032813
0 0.219531 0.307031 0.039062 0.039062
0 0.671094 0.339062 0.014063 0.012500
0 0.810156 0.024219 0.042188 0.045312
0 0.801562 0.073438 0.040625 0.043750
0 0.816406 0.118750 0.039062 0.040625
0 0.904687 0.069531 0.040625 0.042188
0 0.939844 0.098437 0.023438 0.021875
0 0.915625 0.114844 0.021875 0.020313
0 0.947656 0.140625 0.048438 0.043750
0 0.967969 0.231250 0.023438 0.021875
0 0.942187 0.247656 0.021875 0.023438
0 0.957812 0.273438 0.025000 0.021875
0 0.982812 0.256250 0.025000 0.021875
0 0.972656 0.308594 0.039062 0.039062
0 0.992188 0.340625 0.015625 0.021875