0 0.012500 0.069531 0.025000 0.042188
0 0.039844 0.098437 0.023438 0.021875
0 0.015625 0.114844 0.021875 0.020313
0 0.047656 0.140625 0.048438 0.043750
0 0.067969 0.231250 0.023438 0.021875
0 0.042188 0.247656 0.021875 0.023438
0 0.057813 0.273438 0.025000 0.021875
0 0.082812 0.256250 0.025000 0.021875
0 0.120313 0.235156 0.031250 0.026562
0 0.111719 0.283594 0.039062 0.042188
0 0.072656 0.308594 0.039062 0.039062
0 0.095312 0.340625 0.021875 0.021875
0 0.116406 0.375000 0.032813 0.034375
0 0.130469 0.316406 0.026562 0.023438
0 0.157031 0.343750 0.039062 0.040625
0 0.206250 0.421094 0.021875 0.023438
0 0.223438 0.445312 0.021875 0.021875
0 0.186719 0.459375 0.042188 0.043750
0 0.216406 0.499219 0.039062 0.042188
0 0.256250 0.009375 0.025000 0.018750
0 0.291406 0.008594 0.023438 0.017188
0 0.319531 0.010156 0.032813 0.020313
0 0.347656 0.010156 0.029687 0.020313
0 0.400000 0.469531 0.018750 0.020313
0 0.392969 0.490625 0.020313 0.015625
0 0.389844 0.510156 0.020313 0.014063
0 0.383594 0.528906 0.017188 0.020313
0 0.410938 0.482031 0.015625 0.020313
0 0.405469 0.503125 0.017188 0.015625
0 0.402344 0.521875 0.017188 0.015625
0 0.422656 0.492188 0.014063 0.015625
0 0.433594 0.504687 0.017188 0.018750
0 0.415625 0.514844 0.015625 0.017188
0 0.610938 0.297656 0.043750 0.045312
0 0.568750 0.303906 0.040625 0.039062
0 0.600781 0.336719 0.039062 0.039062
0 0.747656 0.278906 0.014063 0.014063
0 0.758594 0.279687 0.010937 0.015625
0 0.769531 0.278906 0.014063 0.014063
0 0.784375 0.278906 0.012500 0.017188
0 0.797656 0.277344 0.017188 0.020313
0 0.815625 0.278906 0.018750 0.023438
0 0.746875 0.299219 0.012500 0.014063
0 0.757031 0.299219 0.007812 0.010937
0 0.770312 0.299219 0.012500 0.014063
0 0.783594 0.299219 0.010937 0.014063
0 0.800000 0.299219 0.012500 0.017188
0 0.818750 0.300781 0.012500 0.017188
0 0.447656 0.008594 0.017188 0.017188
0 0.446875 0.025000 0.015625 0.018750
0 0.463281 0.007031 0.014063 0.014063
0 0.463281 0.025781 0.014063 0.014063
0 0.477344 0.006250 0.010937 0.012500
0 0.477344 0.027344 0.014063 0.014063
0 0.492969 0.009375 0.014063 0.018750
0 0.492969 0.026562 0.017188 0.015625
0 0.720313 0.030469 0.050000 0.045312
0 0.755469 0.015625 0.048438 0.031250