0 0.200000 0.326562 0.053125 0.053125
0 0.777344 0.806250 0.014063 0.012500
0 0.778906 0.821875 0.010937 0.009375
0 0.778125 0.838281 0.012500 0.010937
0 0.778125 0.853125 0.012500 0.012500
0 0.778125 0.869531 0.012500 0.010937
0 0.796094 0.806250 0.014063 0.012500
0 0.795312 0.822656 0.012500 0.014063
0 0.796094 0.838281 0.014063 0.010937
0 0.796094 0.853906 0.010937 0.010937
0 0.796094 0.869531 0.010937 0.010937
0 0.808594 0.805469 0.010937 0.010937
0 0.808594 0.814844 0.010937 0.010937
0 0.808594 0.823438 0.010937 0.009375
0 0.809375 0.835938 0.012500 0.009375
0 0.808594 0.843750 0.014063 0.009375
0 0.810156 0.851562 0.010937 0.009375
0 0.810156 0.862500 0.010937 0.009375
0 0.808594 0.871094 0.010937 0.010937
0 0.777344 0.953906 0.014063 0.010937
0 0.777344 0.967187 0.010937 0.009375
0 0.779687 0.978906 0.012500 0.010937
0 0.646875 0.703906 0.012500 0.010937
0 0.633594 0.703906 0.014063 0.007812
0 0.620313 0.703906 0.012500 0.010937