0 0.072656 0.014063 0.039062 0.028125
0 0.095312 0.040625 0.021875 0.021875
0 0.116406 0.075000 0.032813 0.034375
0 0.130469 0.016406 0.026562 0.023438
0 0.157031 0.043750 0.039062 0.040625
0 0.206250 0.121094 0.021875 0.023438
0 0.223438 0.145313 0.021875 0.021875
0 0.186719 0.159375 0.042188 0.043750
0 0.216406 0.199219 0.039062 0.042188
0 0.400000 0.169531 0.018750 0.020313
0 0.392969 0.190625 0.020313 0.015625
0 0.389844 0.210156 0.020313 0.014063
0 0.383594 0.228906 0.017188 0.020313
0 0.410938 0.182031 0.015625 0.020313
0 0.405469 0.203125 0.017188 0.015625
0 0.402344 0.221875 0.017188 0.015625
0 0.422656 0.192188 0.014063 0.015625
0 0.433594 0.204687 0.017188 0.018750
0 0.415625 0.214844 0.015625 0.017188
0 0.610938 0.010156 0.043750 0.020313
0 0.568750 0.011719 0.040625 0.023438
0 0.600781 0.036719 0.039062 0.039062
0 0.746875 0.003125 0.012500 0.006250
0 0.757031 0.002344 0.007812 0.004687
0 0.770312 0.003125 0.012500 0.006250
0 0.783594 0.003125 0.010937 0.006250
0 0.800000 0.003906 0.012500 0.007812
0 0.818750 0.004687 0.012500 0.009375