0 0.513281 0.162500 0.060937 0.059375
0 0.541406 0.222656 0.048438 0.048438
0 0.476562 0.241406 0.053125 0.054688
0 0.450781 0.183594 0.045312 0.048438
0 0.304688 0.207813 0.040625 0.043750
0 0.264844 0.209375 0.035937 0.037500
0 0.215625 0.237500 0.028125 0.028125
0 0.204687 0.213281 0.028125 0.026562
0 0.178125 0.216406 0.028125 0.026562
0 0.187500 0.242188 0.028125 0.028125
0 0.564844 0.251563 0.020313 0.021875
0 0.541406 0.261719 0.020313 0.023438
0 0.517969 0.268750 0.020313 0.021875
0 0.495312 0.278125 0.021875 0.021875
0 0.472656 0.287500 0.020313 0.021875
0 0.060156 0.034375 0.017188 0.018750
0 0.032813 0.032813 0.015625 0.015625
0 0.046875 0.043750 0.018750 0.018750
0 0.045312 0.060156 0.018750 0.017188
0 0.030469 0.049219 0.017188 0.017188
0 0.013281 0.078906 0.026562 0.029687
0 0.012500 0.114062 0.025000 0.028125
0 0.766406 0.178125 0.017188 0.015625
0 0.621875 0.340625 0.031250 0.031250
0 0.032813 0.078125 0.012500 0.012500