0 0.486719 0.127344 0.042188 0.042188
0 0.450000 0.177344 0.043750 0.042188
0 0.446875 0.135156 0.018750 0.020313
0 0.389844 0.170313 0.029687 0.028125
0 0.414844 0.225781 0.039062 0.042188
0 0.388281 0.204687 0.014063 0.015625
0 0.371875 0.197656 0.012500 0.010937
0 0.381250 0.219531 0.015625 0.017188
0 0.362500 0.216406 0.012500 0.014063
0 0.345313 0.219531 0.012500 0.014063
0 0.332031 0.214062 0.010937 0.012500
0 0.373437 0.235156 0.012500 0.014063
0 0.357031 0.232031 0.014063 0.014063
0 0.341406 0.232813 0.014063 0.015625
0 0.377344 0.267188 0.020313 0.025000
0 0.398438 0.281250 0.021875 0.021875
0 0.392188 0.306250 0.015625 0.015625
0 0.410156 0.307812 0.014063 0.015625