0 0.153906 0.175781 0.035937 0.035937
0 0.111719 0.182812 0.029687 0.028125
0 0.071094 0.192969 0.042188 0.042188
0 0.042969 0.243750 0.048438 0.050000
0 0.106250 0.237500 0.050000 0.050000
0 0.171875 0.229687 0.056250 0.056250
0 0.260156 0.202344 0.026562 0.026562
0 0.289844 0.200000 0.023438 0.025000
0 0.276562 0.154688 0.050000 0.050000
0 0.337500 0.114062 0.050000 0.050000
0 0.339062 0.175781 0.046875 0.045312
0 0.344531 0.233594 0.045312 0.045312
0 0.279687 0.240625 0.046875 0.046875
0 0.288281 0.312500 0.045312 0.046875
0 0.351562 0.301563 0.053125 0.053125
0 0.332031 0.431250 0.023438 0.021875
0 0.157031 0.491406 0.048438 0.048438
0 0.261719 0.496875 0.039062 0.037500
0 0.304688 0.491406 0.037500 0.039062
0 0.345313 0.487500 0.034375 0.034375
0 0.382031 0.483594 0.032813 0.032813
0 0.419531 0.478906 0.032813 0.032813
0 0.457031 0.475781 0.032813 0.032813
0 0.349219 0.535937 0.045312 0.043750
0 0.401562 0.529687 0.046875 0.043750
0 0.454688 0.523438 0.046875 0.043750
0 0.166406 0.582031 0.045312 0.045312
0 0.124219 0.673438 0.057813 0.059375
0 0.057813 0.692187 0.046875 0.046875
0 0.183594 0.666406 0.029687 0.029687
0 0.185156 0.714844 0.035937 0.035937