0 0.003906 0.370312 0.007812 0.009375
0 0.003906 0.383594 0.007812 0.010937
0 0.018750 0.346094 0.009375 0.010937
0 0.027344 0.350000 0.010937 0.009375
0 0.015625 0.357812 0.015625 0.012500
0 0.017188 0.370312 0.009375 0.006250
0 0.007812 0.531250 0.015625 0.037500
0 0.042188 0.528906 0.025000 0.026562
0 0.096875 0.618750 0.040625 0.037500
0 0.046094 0.665625 0.064062 0.059375
0 0.100781 0.679688 0.045312 0.043750
0 0.066406 0.717187 0.042188 0.043750
0 0.004687 0.839063 0.009375 0.009375
0 0.073438 0.842187 0.021875 0.015625
0 0.050781 0.864844 0.017188 0.017188
0 0.033594 0.888281 0.029687 0.029687
0 0.011719 0.921094 0.023438 0.032813
0 0.089844 0.858594 0.020313 0.017188
0 0.066406 0.881250 0.023438 0.028125
0 0.060156 0.913281 0.023438 0.023438
0 0.032031 0.943750 0.023438 0.021875
0 0.012500 0.967187 0.025000 0.031250
0 0.107031 0.871875 0.017188 0.015625
0 0.154688 0.901563 0.021875 0.015625
0 0.134375 0.922656 0.015625 0.014063
0 0.118750 0.951562 0.031250 0.028125
0 0.092969 0.980469 0.029687 0.029687
0 0.171875 0.917188 0.021875 0.015625
0 0.150781 0.938281 0.020313 0.020313
0 0.188281 0.932813 0.020313 0.015625
0 0.167969 0.954688 0.017188 0.015625
0 0.151562 0.984375 0.028125 0.028125
0 0.064062 0.423438 0.037500 0.034375
0 0.092188 0.472656 0.043750 0.042188
0 0.096094 0.384375 0.026562 0.018750
0 0.117188 0.403906 0.018750 0.014063
0 0.139063 0.425000 0.028125 0.021875
0 0.192188 0.510938 0.040625 0.040625
0 0.312500 0.577344 0.028125 0.026562
0 0.278906 0.611719 0.032813 0.026562
0 0.303125 0.648438 0.025000 0.021875
0 0.328906 0.620313 0.039062 0.028125
0 0.354687 0.595313 0.025000 0.018750
0 0.462500 0.603125 0.015625 0.018750
0 0.484375 0.578906 0.015625 0.017188
0 0.356250 0.518750 0.028125 0.018750
0 0.390625 0.554688 0.050000 0.050000
0 0.375781 0.498437 0.020313 0.018750
0 0.408594 0.501563 0.026562 0.018750
0 0.432031 0.521875 0.020313 0.015625
0 0.244531 0.456250 0.051562 0.050000
0 0.139063 0.338281 0.028125 0.023438
0 0.175781 0.372656 0.035937 0.032813
0 0.285938 0.390625 0.034375 0.025000
0 0.321875 0.423438 0.031250 0.028125
0 0.528906 0.527344 0.029687 0.029687
0 0.560937 0.492969 0.031250 0.035937
0 0.483594 0.449219 0.045312 0.048438
0 0.452344 0.415625 0.042188 0.043750
0 0.522656 0.386719 0.048438 0.045312
0 0.567969 0.336719 0.048438 0.051562
0 0.364844 0.343750 0.051562 0.046875
0 0.248438 0.300781 0.031250 0.026562
0 0.273438 0.275000 0.031250 0.031250
0 0.299219 0.253125 0.026562 0.025000
0 0.206250 0.263281 0.034375 0.029687
0 0.228906 0.233594 0.029687 0.026562
0 0.252344 0.210938 0.029687 0.028125
0 0.405469 0.298438 0.045312 0.043750
0 0.440625 0.221094 0.043750 0.035937
0 0.478125 0.255469 0.043750 0.039062
0 0.497656 0.194531 0.045312 0.045312
0 0.541406 0.145313 0.048438 0.040625
0 0.576562 0.142187 0.025000 0.021875
0 0.546094 0.113281 0.023438 0.023438
0 0.415625 0.109375 0.018750 0.015625
0 0.400000 0.096094 0.021875 0.020313
0 0.378906 0.075000 0.039062 0.031250
0 0.447656 0.085938 0.029687 0.028125
0 0.429688 0.067187 0.028125 0.025000
0 0.405469 0.045312 0.035937 0.031250
0 0.463281 0.051562 0.051562 0.050000
0 0.432812 0.016406 0.037500 0.032813
0 0.633594 0.047656 0.042188 0.039062
0 0.671875 0.011719 0.040625 0.023438
0 0.610156 0.013281 0.067187 0.026562