0 0.786719 0.413281 0.048438 0.042188
0 0.745313 0.453125 0.040625 0.037500
0 0.707031 0.496094 0.039062 0.039062
0 0.744531 0.530469 0.039062 0.039062
0 0.787500 0.492969 0.040625 0.039062
0 0.824219 0.450781 0.039062 0.035937
0 0.895312 0.389062 0.009375 0.009375
0 0.903906 0.370312 0.007812 0.009375
0 0.903906 0.383594 0.007812 0.010937
0 0.918750 0.346094 0.009375 0.010937
0 0.927344 0.350000 0.010937 0.009375
0 0.915625 0.357812 0.015625 0.012500
0 0.917188 0.370312 0.009375 0.006250
0 0.893750 0.482031 0.025000 0.023438
0 0.867188 0.509375 0.018750 0.018750
0 0.853125 0.527344 0.018750 0.020313
0 0.832812 0.541406 0.018750 0.014063
0 0.817187 0.558594 0.015625 0.014063
0 0.803906 0.574219 0.017188 0.014063
0 0.791406 0.588281 0.020313 0.017188
0 0.842187 0.589844 0.040625 0.039062
0 0.896094 0.531250 0.039062 0.037500
0 0.942187 0.528906 0.025000 0.026562
0 0.988281 0.618750 0.023438 0.037500
0 0.946094 0.665625 0.064062 0.059375
0 0.989062 0.679688 0.021875 0.043750
0 0.966406 0.717187 0.042188 0.043750
0 0.895312 0.830469 0.012500 0.010937
0 0.903906 0.839063 0.010937 0.009375
0 0.973437 0.842187 0.021875 0.015625
0 0.950781 0.864844 0.017188 0.017188
0 0.933594 0.888281 0.029687 0.029687
0 0.906250 0.921094 0.034375 0.032813
0 0.885938 0.942187 0.028125 0.028125
0 0.863281 0.972656 0.026562 0.023438
0 0.989844 0.858594 0.020313 0.017188
0 0.966406 0.881250 0.023438 0.028125
0 0.960156 0.913281 0.023438 0.023438
0 0.932031 0.943750 0.023438 0.021875
0 0.910937 0.967187 0.028125 0.031250
0 0.989062 0.980469 0.021875 0.029687
0 0.964063 0.423438 0.037500 0.034375
0 0.985156 0.472656 0.029687 0.042188
0 0.991406 0.384375 0.017188 0.018750