0 0.400000 0.992969 0.021875 0.014063
0 0.378906 0.975000 0.039062 0.031250
0 0.447656 0.985938 0.029687 0.028125
0 0.429688 0.967187 0.028125 0.025000
0 0.405469 0.945312 0.035937 0.031250
0 0.463281 0.951562 0.051562 0.050000
0 0.432812 0.916406 0.037500 0.032813
0 0.298438 0.892969 0.053125 0.051562
0 0.358594 0.867969 0.020313 0.020313
0 0.340625 0.855469 0.021875 0.023438
0 0.375000 0.852344 0.021875 0.023438
0 0.357031 0.838281 0.023438 0.020313
0 0.324219 0.823438 0.032813 0.034375
0 0.633594 0.947656 0.042188 0.039062
0 0.671875 0.904687 0.040625 0.037500
0 0.610156 0.893750 0.067187 0.065625
0 0.546094 0.833594 0.064062 0.064062
0 0.589844 0.785937 0.045312 0.043750
0 0.716406 0.817969 0.085938 0.082812
0 0.630469 0.739062 0.057813 0.059375
0 0.371875 0.615625 0.050000 0.050000
0 0.190625 0.578125 0.025000 0.025000
0 0.204687 0.561719 0.031250 0.026562
0 0.225781 0.538281 0.032813 0.029687
0 0.799219 0.729688 0.085938 0.087500
0 0.720313 0.658594 0.087500 0.089063
0 0.809375 0.557813 0.081250 0.081250
0 0.919531 0.483594 0.082812 0.079687
0 0.974219 0.403125 0.051562 0.078125