0 0.011719 0.021094 0.023438 0.032813
0 0.060156 0.013281 0.023438 0.023438
0 0.032031 0.043750 0.023438 0.021875
0 0.012500 0.067187 0.025000 0.031250
0 0.154688 0.004687 0.021875 0.009375
0 0.134375 0.022656 0.015625 0.014063
0 0.118750 0.051562 0.031250 0.028125
0 0.092969 0.080469 0.029687 0.029687
0 0.066406 0.109375 0.029687 0.028125
0 0.039062 0.140625 0.031250 0.031250
0 0.171875 0.017188 0.021875 0.015625
0 0.150781 0.038281 0.020313 0.020313
0 0.188281 0.032813 0.020313 0.015625
0 0.167969 0.054688 0.017188 0.015625
0 0.151562 0.084375 0.028125 0.028125
0 0.127344 0.110156 0.032813 0.026562
0 0.100000 0.139844 0.040625 0.032813
0 0.073438 0.172656 0.037500 0.035937