0 0.692187 0.021094 0.043750 0.042188
0 0.739844 0.073438 0.048438 0.046875
0 0.787500 0.125000 0.046875 0.046875
0 0.624219 0.063281 0.035937 0.035937
0 0.662500 0.103906 0.031250 0.032813
0 0.583594 0.102344 0.032813 0.032813
0 0.619531 0.141406 0.035937 0.035937
0 0.544531 0.135937 0.023438 0.025000
0 0.582031 0.178125 0.023438 0.025000
0 0.486719 0.209375 0.039062 0.043750
0 0.532031 0.257812 0.032813 0.034375
0 0.527344 0.371875 0.042188 0.043750
0 0.481250 0.314063 0.043750 0.046875
0 0.472656 0.420312 0.045312 0.046875
0 0.425000 0.366406 0.043750 0.045312
0 0.371875 0.307812 0.046875 0.046875
0 0.428125 0.257812 0.043750 0.046875
0 0.162500 0.395313 0.046875 0.046875
0 0.108594 0.443750 0.045312 0.046875
0 0.057813 0.493750 0.043750 0.043750
0 0.111719 0.542969 0.045312 0.045312
0 0.059375 0.590625 0.043750 0.046875
0 0.013281 0.542188 0.026562 0.046875
0 0.014063 0.639844 0.028125 0.045312
0 0.213281 0.676562 0.029687 0.031250
0 0.210938 0.721094 0.028125 0.029687
0 0.167969 0.673438 0.026562 0.028125