0 0.391406 0.978125 0.098437 0.043750
0 0.459375 0.949219 0.056250 0.054688
0 0.586719 0.971875 0.045312 0.046875
0 0.648438 0.977344 0.046875 0.045312
0 0.707031 0.988281 0.017188 0.017188
0 0.696094 0.970313 0.017188 0.018750
0 0.701562 0.949219 0.018750 0.020313
0 0.687500 0.931250 0.018750 0.018750
0 0.698438 0.912500 0.018750 0.021875
0 0.717969 0.904687 0.020313 0.021875
0 0.708594 0.878906 0.017188 0.017188
0 0.620313 0.930469 0.034375 0.032813
0 0.554688 0.877344 0.093750 0.089063
0 0.650000 0.842187 0.103125 0.096875