0 0.314063 0.275781 0.028125 0.026562
0 0.399219 0.246094 0.029687 0.026562
0 0.388281 0.189844 0.054688 0.054688
0 0.450000 0.221094 0.056250 0.054688
0 0.391406 0.103125 0.098437 0.093750
0 0.483594 0.125781 0.089063 0.092188
0 0.492969 0.184375 0.020313 0.021875
0 0.520312 0.181250 0.018750 0.021875
0 0.556250 0.173437 0.028125 0.028125
0 0.459375 0.049219 0.056250 0.054688
0 0.586719 0.071875 0.045312 0.046875
0 0.614062 0.124219 0.037500 0.039062
0 0.671094 0.178906 0.023438 0.023438
0 0.710156 0.205469 0.023438 0.023438
0 0.704688 0.173437 0.025000 0.025000
0 0.663281 0.125000 0.023438 0.025000
0 0.648438 0.078125 0.046875 0.046875
0 0.710938 0.118750 0.018750 0.018750
0 0.696094 0.105469 0.017188 0.017188
0 0.707031 0.088281 0.017188 0.017188
0 0.696094 0.070312 0.017188 0.018750
0 0.701562 0.049219 0.018750 0.020313
0 0.687500 0.031250 0.018750 0.018750
0 0.698438 0.012500 0.018750 0.021875
0 0.717969 0.007812 0.020313 0.015625
0 0.620313 0.030469 0.034375 0.032813