0 0.458594 0.467969 0.014063 0.014063
0 0.459375 0.481250 0.015625 0.012500
0 0.462500 0.493750 0.018750 0.012500
0 0.462500 0.507031 0.018750 0.010937
0 0.463281 0.519531 0.020313 0.010937
0 0.463281 0.533594 0.020313 0.014063
0 0.466406 0.546875 0.020313 0.012500
0 0.468750 0.559375 0.018750 0.012500
0 0.468750 0.572656 0.018750 0.010937
0 0.471094 0.585938 0.017188 0.012500
0 0.471875 0.598437 0.015625 0.012500
0 0.472656 0.611719 0.017188 0.010937
0 0.327344 0.570312 0.014063 0.012500
0 0.307812 0.590625 0.021875 0.021875
0 0.282031 0.640625 0.014063 0.012500
0 0.319531 0.629687 0.035937 0.034375
0 0.303125 0.671875 0.034375 0.034375