0 0.152344 0.257812 0.026562 0.025000
0 0.172656 0.214844 0.017188 0.017188
0 0.174219 0.234375 0.017188 0.015625
0 0.175781 0.254688 0.017188 0.018750
0 0.177344 0.280469 0.017188 0.017188
0 0.198437 0.209375 0.015625 0.015625
0 0.200000 0.235156 0.015625 0.017188
0 0.200781 0.261719 0.017188 0.017188
0 0.203906 0.288281 0.017188 0.017188
0 0.228125 0.211719 0.021875 0.023438
0 0.230469 0.244531 0.023438 0.023438
0 0.233594 0.278906 0.023438 0.023438
0 0.235156 0.310156 0.020313 0.020313
0 0.276562 0.206250 0.028125 0.028125
0 0.279687 0.248438 0.028125 0.025000
0 0.282031 0.297656 0.035937 0.035937
0 0.292969 0.346094 0.026562 0.026562
0 0.331250 0.210938 0.040625 0.037500
0 0.333594 0.253125 0.042188 0.040625
0 0.338281 0.296094 0.039062 0.039062
0 0.340625 0.350781 0.037500 0.035937
0 0.407813 0.224219 0.062500 0.060937
0 0.413281 0.294531 0.060937 0.060937
0 0.400781 0.343750 0.035937 0.034375
0 0.432812 0.347656 0.021875 0.023438
0 0.471094 0.208594 0.051562 0.048438
0 0.475000 0.271094 0.050000 0.048438
0 0.478125 0.330469 0.050000 0.048438
0 0.546094 0.207813 0.060937 0.059375
0 0.551562 0.278906 0.065625 0.064062
0 0.618750 0.206250 0.065625 0.065625
0 0.625000 0.278906 0.062500 0.060937
0 0.610156 0.335156 0.026562 0.029687
0 0.644531 0.331250 0.026562 0.028125