0 0.187500 0.410938 0.009375 0.006250
0 0.191406 0.419531 0.007812 0.007812
0 0.196094 0.427344 0.007812 0.007812
0 0.200781 0.435937 0.007812 0.009375
0 0.204687 0.444531 0.006250 0.007812
0 0.207813 0.453906 0.006250 0.007812
0 0.197656 0.464844 0.020313 0.020313
0 0.196875 0.408594 0.009375 0.007812
0 0.201563 0.416406 0.009375 0.007812
0 0.206250 0.425781 0.009375 0.007812
0 0.210156 0.433594 0.007812 0.007812
0 0.213281 0.439844 0.007812 0.007812
0 0.216406 0.447656 0.007812 0.007812
0 0.210156 0.400781 0.010937 0.007812
0 0.214844 0.410156 0.007812 0.007812
0 0.218750 0.418750 0.009375 0.009375
0 0.225000 0.428125 0.009375 0.009375
0 0.227344 0.436719 0.007812 0.007812
0 0.230469 0.446094 0.007812 0.007812
0 0.221875 0.396875 0.009375 0.009375
0 0.225000 0.405469 0.009375 0.007812
0 0.231250 0.414844 0.009375 0.007812
0 0.234375 0.423438 0.009375 0.009375
0 0.238281 0.433594 0.010937 0.010937
0 0.244531 0.445312 0.014063 0.012500
0 0.238281 0.390625 0.010937 0.009375
0 0.242969 0.402344 0.010937 0.010937
0 0.249219 0.413281 0.010937 0.010937
0 0.253906 0.423438 0.010937 0.009375
0 0.271094 0.428125 0.014063 0.012500
0 0.250000 0.385937 0.012500 0.012500
0 0.257812 0.400000 0.012500 0.012500
0 0.264844 0.413281 0.014063 0.014063
0 0.271875 0.371094 0.021875 0.023438
0 0.282813 0.394531 0.021875 0.023438
0 0.291406 0.414844 0.017188 0.017188
0 0.298438 0.354687 0.018750 0.015625
0 0.297656 0.377344 0.017188 0.017188
0 0.307031 0.393750 0.017188 0.018750
0 0.213281 0.503906 0.010937 0.010937
0 0.228125 0.504687 0.012500 0.012500
0 0.234375 0.517969 0.012500 0.014063
0 0.221094 0.519531 0.010937 0.010937
0 0.252344 0.485156 0.014063 0.014063
0 0.257812 0.496875 0.012500 0.012500
0 0.264062 0.509375 0.012500 0.012500
0 0.264844 0.521094 0.010937 0.010937
0 0.289062 0.522656 0.009375 0.007812
0 0.277344 0.511719 0.014063 0.014063
0 0.280469 0.500781 0.010937 0.010937
0 0.270313 0.498437 0.009375 0.009375
0 0.277344 0.488281 0.010937 0.010937
0 0.264844 0.486719 0.010937 0.010937
0 0.271875 0.476562 0.012500 0.012500
0 0.282031 0.469531 0.010937 0.010937
0 0.321875 0.457813 0.021875 0.021875
0 0.308594 0.485938 0.017188 0.018750
0 0.322656 0.514062 0.023438 0.021875
0 0.420312 0.454688 0.015625 0.015625
0 0.419531 0.474219 0.017188 0.014063
0 0.421094 0.493750 0.017188 0.018750
0 0.437500 0.455469 0.015625 0.017188
0 0.438281 0.474219 0.014063 0.017188
0 0.439063 0.492969 0.015625 0.014063
0 0.528906 0.480469 0.042188 0.039062
0 0.586719 0.505469 0.029687 0.026562
0 0.586719 0.459375 0.042188 0.040625
0 0.545312 0.437500 0.021875 0.018750
0 0.585156 0.388281 0.057813 0.057813
0 0.506250 0.381250 0.059375 0.062500
0 0.501563 0.308594 0.053125 0.054688
0 0.575000 0.307031 0.062500 0.060937
0 0.496875 0.242188 0.053125 0.056250
0 0.563281 0.222656 0.054688 0.054688
0 0.434375 0.362500 0.043750 0.040625