0 0.044531 0.619531 0.089063 0.092188
0 0.146875 0.573438 0.087500 0.087500
0 0.245312 0.529687 0.093750 0.093750
0 0.091406 0.758594 0.092188 0.089063
0 0.189844 0.714063 0.092188 0.087500
0 0.292187 0.671094 0.093750 0.092188
0 0.042188 0.907031 0.084375 0.089063
0 0.135937 0.864844 0.100000 0.095312
0 0.235156 0.817969 0.095312 0.092188
0 0.335938 0.771875 0.093750 0.087500
0 0.450000 0.722656 0.093750 0.085938
0 0.544531 0.696875 0.064062 0.062500
0 0.512500 0.625000 0.068750 0.062500
0 0.678906 0.650781 0.060937 0.060937
0 0.640625 0.565625 0.056250 0.056250
0 0.594531 0.457031 0.064062 0.064062
0 0.556250 0.367188 0.065625 0.065625
0 0.649219 0.327344 0.064062 0.064062
0 0.688281 0.414844 0.064062 0.064062
0 0.753125 0.517188 0.056250 0.056250
0 0.773438 0.608594 0.059375 0.060937
0 0.505469 0.312500 0.020313 0.018750
0 0.528906 0.303906 0.020313 0.020313
0 0.550000 0.293750 0.018750 0.018750
0 0.573438 0.284375 0.021875 0.021875
0 0.443750 0.882031 0.018750 0.020313
0 0.451562 0.907031 0.015625 0.017188
0 0.480469 0.897656 0.020313 0.017188
0 0.473438 0.874219 0.018750 0.020313
0 0.541406 0.877344 0.026562 0.026562
0 0.550000 0.914844 0.025000 0.026562
0 0.560156 0.952344 0.026562 0.026562
0 0.596094 0.942187 0.023438 0.021875
0 0.587500 0.904687 0.021875 0.025000
0 0.576562 0.865625 0.025000 0.025000
0 0.628906 0.853906 0.023438 0.023438
0 0.633594 0.880469 0.023438 0.023438
0 0.640625 0.907031 0.021875 0.020313