0 0.460938 0.360156 0.015625 0.014063
0 0.526563 0.363281 0.018750 0.017188
0 0.527344 0.340625 0.017188 0.015625
0 0.504687 0.339844 0.015625 0.017188
0 0.485156 0.341406 0.017188 0.017188
0 0.461719 0.340625 0.017188 0.015625
0 0.482812 0.361719 0.015625 0.014063
0 0.503906 0.362500 0.017188 0.015625
0 0.567969 0.361719 0.010937 0.014063
0 0.583594 0.360938 0.010937 0.012500
0 0.604688 0.360156 0.012500 0.014063
0 0.624219 0.361719 0.014063 0.014063
0 0.642188 0.361719 0.012500 0.014063
0 0.644531 0.344531 0.014063 0.014063
0 0.625781 0.342187 0.014063 0.015625
0 0.603906 0.342187 0.014063 0.015625
0 0.583594 0.341406 0.014063 0.014063
0 0.566406 0.339062 0.014063 0.012500
0 0.014844 0.006250 0.020313 0.012500
0 0.675781 0.339062 0.010937 0.012500
0 0.689844 0.339062 0.010937 0.012500
0 0.703906 0.339844 0.010937 0.010937
0 0.017969 0.541406 0.023438 0.020313
0 0.015625 0.522656 0.018750 0.017188
0 0.014063 0.503125 0.015625 0.015625
0 0.014063 0.485938 0.012500 0.012500