0 0.042188 0.025781 0.084375 0.051562
0 0.451562 0.007812 0.015625 0.015625
0 0.550000 0.014844 0.025000 0.026562
0 0.560156 0.052344 0.026562 0.026562
0 0.596094 0.042188 0.023438 0.021875
0 0.587500 0.008594 0.021875 0.017188
0 0.640625 0.008594 0.021875 0.017188
0 0.432812 0.311719 0.087500 0.085938
0 0.357031 0.450781 0.089063 0.085938
0 0.463281 0.417969 0.085938 0.082812
0 0.677344 0.221094 0.089063 0.085938
0 0.786719 0.188281 0.089063 0.089063
0 0.814844 0.295312 0.085938 0.087500
0 0.707812 0.327344 0.090625 0.089063
0 0.631250 0.482031 0.065625 0.064062
0 0.720313 0.453906 0.065625 0.067187
0 0.807813 0.428125 0.068750 0.068750
0 0.655469 0.571875 0.067187 0.065625
0 0.747656 0.546875 0.067187 0.065625
0 0.835156 0.520312 0.064062 0.062500
0 0.683594 0.677344 0.051562 0.051562
0 0.754687 0.654687 0.053125 0.053125
0 0.825781 0.635938 0.054688 0.053125
0 0.846875 0.710938 0.056250 0.056250
0 0.776563 0.732812 0.053125 0.056250
0 0.704688 0.753125 0.053125 0.053125
0 0.277344 0.686719 0.029687 0.029687
0 0.282813 0.635156 0.025000 0.026562
0 0.223438 0.631250 0.028125 0.025000
0 0.006250 0.887500 0.012500 0.018750
0 0.014844 0.901563 0.020313 0.021875