0 0.460938 0.060156 0.015625 0.014063
0 0.526563 0.063281 0.018750 0.017188
0 0.527344 0.040625 0.017188 0.015625
0 0.504687 0.039844 0.015625 0.017188
0 0.485156 0.041406 0.017188 0.017188
0 0.461719 0.040625 0.017188 0.015625
0 0.482812 0.061719 0.015625 0.014063
0 0.503906 0.062500 0.017188 0.015625
0 0.567969 0.061719 0.010937 0.014063
0 0.583594 0.060937 0.010937 0.012500
0 0.604688 0.060156 0.012500 0.014063
0 0.624219 0.061719 0.014063 0.014063
0 0.642188 0.061719 0.012500 0.014063
0 0.644531 0.044531 0.014063 0.014063
0 0.625781 0.042188 0.014063 0.015625
0 0.603906 0.042188 0.014063 0.015625
0 0.583594 0.041406 0.014063 0.014063
0 0.566406 0.039062 0.014063 0.012500
0 0.675781 0.039062 0.010937 0.012500
0 0.689844 0.039062 0.010937 0.012500
0 0.703906 0.039844 0.010937 0.010937
0 0.017969 0.241406 0.023438 0.020313
0 0.015625 0.222656 0.018750 0.017188
0 0.014063 0.203125 0.015625 0.015625
0 0.014063 0.185938 0.012500 0.012500