0 0.935156 0.025781 0.098437 0.051562
0 0.832812 0.582031 0.015625 0.017188
0 0.831250 0.600000 0.015625 0.015625
0 0.815625 0.580469 0.015625 0.017188
0 0.814063 0.598437 0.015625 0.015625
0 0.880469 0.857031 0.017188 0.020313
0 0.892188 0.872656 0.018750 0.020313
0 0.903906 0.887500 0.017188 0.018750
0 0.914844 0.901563 0.020313 0.021875
0 0.721094 0.954688 0.017188 0.018750
0 0.797656 0.262500 0.032813 0.031250
0 0.781250 0.219531 0.031250 0.032813
0 0.014844 0.621094 0.020313 0.020313
0 0.041406 0.596875 0.017188 0.015625
0 0.054688 0.583594 0.015625 0.017188