0 0.655469 0.289844 0.023438 0.026562
0 0.665625 0.330469 0.021875 0.026562
0 0.625781 0.296094 0.026562 0.026562
0 0.635156 0.337500 0.026562 0.028125
0 0.594531 0.303125 0.026562 0.025000
0 0.603906 0.342969 0.026562 0.026562
0 0.553125 0.311719 0.028125 0.026562
0 0.561719 0.351562 0.029687 0.028125
0 0.513281 0.320312 0.026562 0.028125
0 0.521875 0.360156 0.028125 0.026562
0 0.513281 0.239844 0.029687 0.026562
0 0.553906 0.230469 0.026562 0.026562
0 0.592969 0.223438 0.023438 0.025000
0 0.625000 0.217969 0.025000 0.023438
0 0.656250 0.212500 0.025000 0.025000
0 0.333594 0.337500 0.014063 0.015625
0 0.335156 0.364844 0.014063 0.017188
0 0.357031 0.365625 0.014063 0.015625
0 0.385156 0.363281 0.014063 0.017188
0 0.408594 0.364844 0.010937 0.017188
0 0.355469 0.337500 0.014063 0.015625
0 0.381250 0.337500 0.015625 0.015625
0 0.410156 0.337500 0.014063 0.015625
0 0.405469 0.264062 0.017188 0.015625
0 0.407031 0.236719 0.020313 0.020313
0 0.407813 0.211719 0.015625 0.017188
0 0.409375 0.185938 0.018750 0.018750
0 0.382812 0.185938 0.021875 0.018750
0 0.382812 0.210938 0.018750 0.021875
0 0.382031 0.238281 0.017188 0.020313
0 0.382031 0.261719 0.017188 0.017188
0 0.341406 0.215625 0.017188 0.015625
0 0.342969 0.191406 0.017188 0.017188
0 0.592187 0.107813 0.015625 0.015625
0 0.567969 0.104688 0.014063 0.015625
0 0.545312 0.100781 0.015625 0.017188
0 0.520312 0.097656 0.015625 0.017188
0 0.495312 0.095312 0.015625 0.015625
0 0.504687 0.033594 0.012500 0.014063
0 0.521875 0.035156 0.012500 0.014063
0 0.521094 0.053906 0.014063 0.014063
0 0.503125 0.052344 0.012500 0.014063
0 0.556250 0.059375 0.012500 0.012500
0 0.575781 0.060937 0.010937 0.015625
0 0.594531 0.063281 0.014063 0.017188
0 0.560937 0.040625 0.009375 0.009375
0 0.577344 0.042969 0.010937 0.010937
0 0.594531 0.045312 0.010937 0.012500
0 0.628906 0.049219 0.010937 0.010937
0 0.642188 0.050000 0.009375 0.009375
0 0.655469 0.050781 0.007812 0.007812
0 0.668750 0.053125 0.009375 0.009375
0 0.682031 0.054688 0.007812 0.006250
0 0.680469 0.072656 0.007812 0.007812
0 0.667969 0.070312 0.007812 0.006250
0 0.653125 0.067969 0.009375 0.007812
0 0.639844 0.067187 0.010937 0.009375
0 0.625781 0.065625 0.007812 0.009375
0 0.917969 0.241406 0.023438 0.020313
0 0.915625 0.222656 0.018750 0.017188
0 0.914062 0.203125 0.015625 0.015625
0 0.914062 0.185938 0.012500 0.012500