0 0.315625 0.286719 0.031250 0.029687
0 0.286719 0.316406 0.029687 0.026562
0 0.256250 0.346094 0.028125 0.026562
0 0.234375 0.369531 0.028125 0.026562
0 0.207813 0.394531 0.034375 0.032813
0 0.179688 0.425000 0.034375 0.031250
0 0.207813 0.453125 0.034375 0.034375
0 0.236719 0.424219 0.032813 0.032813
0 0.263281 0.398438 0.029687 0.028125
0 0.287500 0.374219 0.028125 0.029687
0 0.317188 0.345313 0.031250 0.031250
0 0.343750 0.317969 0.031250 0.029687
0 0.309375 0.510156 0.028125 0.029687
0 0.280469 0.534375 0.029687 0.028125
0 0.304688 0.560937 0.025000 0.028125
0 0.332031 0.584375 0.029687 0.028125
0 0.353906 0.608594 0.026562 0.029687
0 0.378906 0.582812 0.029687 0.028125
0 0.355469 0.556250 0.029687 0.028125
0 0.333594 0.535937 0.029687 0.031250
0 0.347656 0.425000 0.048438 0.046875
0 0.396875 0.472656 0.046875 0.045312
0 0.441406 0.517969 0.048438 0.042188
0 0.394531 0.381250 0.045312 0.043750
0 0.441406 0.426563 0.042188 0.040625
0 0.486719 0.472656 0.045312 0.045312
0 0.552344 0.539062 0.048438 0.043750
0 0.507812 0.584375 0.043750 0.040625
0 0.545312 0.624219 0.043750 0.042188
0 0.589844 0.577344 0.045312 0.039062
0 0.627344 0.617188 0.042188 0.046875
0 0.668750 0.655469 0.043750 0.045312
0 0.707031 0.696094 0.045312 0.045312
0 0.583594 0.661719 0.042188 0.045312
0 0.621875 0.703125 0.043750 0.046875
0 0.642188 0.736719 0.021875 0.026562
0 0.660937 0.714844 0.021875 0.023438
0 0.680469 0.732031 0.017188 0.020313
0 0.703125 0.732031 0.015625 0.017188
0 0.721875 0.727344 0.015625 0.017188
0 0.741406 0.710938 0.020313 0.018750
0 0.496875 0.669531 0.012500 0.014063
0 0.488281 0.678906 0.010937 0.010937
0 0.478125 0.689063 0.012500 0.012500
0 0.469531 0.698438 0.014063 0.012500
0 0.523438 0.728906 0.015625 0.014063
0 0.536719 0.732031 0.014063 0.017188
0 0.549219 0.735156 0.014063 0.014063
0 0.562500 0.739062 0.012500 0.015625
0 0.575781 0.743750 0.014063 0.015625
0 0.914844 0.621094 0.020313 0.020313
0 0.941406 0.596875 0.017188 0.015625
0 0.954688 0.583594 0.015625 0.017188
0 0.237500 0.511719 0.015625 0.014063
0 0.247656 0.522656 0.014063 0.017188