0 0.655469 0.589844 0.023438 0.026562
0 0.665625 0.630469 0.021875 0.026562
0 0.625781 0.596094 0.026562 0.026562
0 0.635156 0.637500 0.026562 0.028125
0 0.594531 0.603125 0.026562 0.025000
0 0.603906 0.642969 0.026562 0.026562
0 0.553125 0.611719 0.028125 0.026562
0 0.561719 0.651563 0.029687 0.028125
0 0.513281 0.620313 0.026562 0.028125
0 0.521875 0.660156 0.028125 0.026562
0 0.513281 0.539844 0.029687 0.026562
0 0.553906 0.530469 0.026562 0.026562
0 0.592969 0.523438 0.023438 0.025000
0 0.625000 0.517969 0.025000 0.023438
0 0.656250 0.512500 0.025000 0.025000
0 0.333594 0.637500 0.014063 0.015625
0 0.335156 0.664844 0.014063 0.017188
0 0.357031 0.665625 0.014063 0.015625
0 0.385156 0.663281 0.014063 0.017188
0 0.408594 0.664844 0.010937 0.017188
0 0.355469 0.637500 0.014063 0.015625
0 0.381250 0.637500 0.015625 0.015625
0 0.410156 0.637500 0.014063 0.015625
0 0.405469 0.564063 0.017188 0.015625
0 0.407031 0.536719 0.020313 0.020313
0 0.407813 0.511719 0.015625 0.017188
0 0.409375 0.485938 0.018750 0.018750
0 0.382812 0.485938 0.021875 0.018750
0 0.382812 0.510938 0.018750 0.021875
0 0.382031 0.538281 0.017188 0.020313
0 0.382031 0.561719 0.017188 0.017188
0 0.341406 0.515625 0.017188 0.015625
0 0.342969 0.491406 0.017188 0.017188
0 0.592187 0.407813 0.015625 0.015625
0 0.567969 0.404687 0.014063 0.015625
0 0.545312 0.400781 0.015625 0.017188
0 0.520312 0.397656 0.015625 0.017188
0 0.495312 0.395313 0.015625 0.015625
0 0.504687 0.333594 0.012500 0.014063
0 0.521875 0.335156 0.012500 0.014063
0 0.521094 0.353906 0.014063 0.014063
0 0.503125 0.352344 0.012500 0.014063
0 0.556250 0.359375 0.012500 0.012500
0 0.575781 0.360938 0.010937 0.015625
0 0.594531 0.363281 0.014063 0.017188
0 0.560937 0.340625 0.009375 0.009375
0 0.577344 0.342969 0.010937 0.010937
0 0.594531 0.345313 0.010937 0.012500
0 0.914844 0.006250 0.020313 0.012500
0 0.721094 0.054688 0.017188 0.018750
0 0.628906 0.349219 0.010937 0.010937
0 0.642188 0.350000 0.009375 0.009375
0 0.655469 0.350781 0.007812 0.007812
0 0.668750 0.353125 0.009375 0.009375
0 0.682031 0.354687 0.007812 0.006250
0 0.680469 0.372656 0.007812 0.007812
0 0.667969 0.370312 0.007812 0.006250
0 0.653125 0.367969 0.009375 0.007812
0 0.639844 0.367188 0.010937 0.009375
0 0.625781 0.365625 0.007812 0.009375
0 0.917969 0.541406 0.023438 0.020313
0 0.915625 0.522656 0.018750 0.017188
0 0.914062 0.503125 0.015625 0.015625
0 0.914062 0.485938 0.012500 0.012500