0 0.141406 0.497656 0.039062 0.039062
0 0.199219 0.485156 0.039062 0.039062
0 0.212500 0.550781 0.040625 0.039062
0 0.155469 0.561719 0.039062 0.039062
0 0.225000 0.615625 0.040625 0.040625
0 0.167187 0.627344 0.043750 0.042188
0 0.959375 0.303125 0.031250 0.031250
0 0.928125 0.331250 0.031250 0.028125
0 0.901563 0.359375 0.028125 0.028125
0 0.975781 0.346094 0.023438 0.023438
0 0.952344 0.368750 0.023438 0.021875
0 0.928125 0.391406 0.025000 0.023438
0 0.972656 0.427344 0.035937 0.035937
0 0.891406 0.475781 0.026562 0.026562
0 0.860938 0.504687 0.025000 0.025000
0 0.884375 0.528125 0.025000 0.025000
0 0.907031 0.551562 0.026562 0.025000
0 0.914062 0.499219 0.025000 0.023438
0 0.935937 0.521875 0.025000 0.025000
0 0.963281 0.555469 0.032813 0.029687
0 0.928906 0.589844 0.032813 0.029687
0 0.989844 0.590625 0.020313 0.031250
0 0.962500 0.623437 0.034375 0.031250
0 0.996094 0.664844 0.007812 0.017188
0 0.985938 0.679688 0.018750 0.018750