0 0.659375 0.303125 0.031250 0.031250
0 0.628125 0.331250 0.031250 0.028125
0 0.601562 0.359375 0.028125 0.028125
0 0.675781 0.346094 0.023438 0.023438
0 0.652344 0.368750 0.023438 0.021875
0 0.628125 0.391406 0.025000 0.023438
0 0.709375 0.392188 0.034375 0.034375
0 0.744531 0.428125 0.035937 0.034375
0 0.672656 0.427344 0.035937 0.035937
0 0.707812 0.463281 0.037500 0.035937
0 0.591406 0.475781 0.026562 0.026562
0 0.560937 0.504687 0.025000 0.025000
0 0.584375 0.528125 0.025000 0.025000
0 0.607031 0.551562 0.026562 0.025000
0 0.614062 0.499219 0.025000 0.023438
0 0.635938 0.521875 0.025000 0.025000
0 0.663281 0.555469 0.032813 0.029687
0 0.628906 0.589844 0.032813 0.029687
0 0.695312 0.590625 0.031250 0.031250
0 0.662500 0.623437 0.034375 0.031250
0 0.732031 0.633594 0.020313 0.020313
0 0.717187 0.650000 0.018750 0.018750
0 0.700781 0.664844 0.017188 0.017188
0 0.685937 0.679688 0.018750 0.018750
0 0.902344 0.698438 0.023438 0.025000
0 0.920312 0.724219 0.018750 0.017188
0 0.935156 0.710156 0.017188 0.020313
0 0.955469 0.692187 0.017188 0.018750
0 0.940625 0.664844 0.012500 0.014063
0 0.925781 0.679688 0.020313 0.018750