0 0.957812 0.551562 0.040625 0.040625
0 0.904687 0.564063 0.031250 0.031250
0 0.960938 0.606250 0.040625 0.043750
0 0.996094 0.580469 0.007812 0.020313
0 0.903125 0.626563 0.040625 0.043750
0 0.862500 0.608594 0.031250 0.032813
0 0.846094 0.649219 0.039062 0.042188
0 0.829688 0.702344 0.040625 0.045312
0 0.830469 0.609375 0.020313 0.021875
0 0.810937 0.622656 0.018750 0.017188
0 0.803906 0.635938 0.007812 0.009375
0 0.810156 0.652344 0.017188 0.017188
0 0.793750 0.692969 0.012500 0.014063
0 0.797656 0.717969 0.014063 0.017188
0 0.873437 0.705469 0.031250 0.032813
0 0.814844 0.764062 0.032813 0.034375
0 0.807813 0.796875 0.025000 0.025000
0 0.968750 0.160938 0.025000 0.031250
0 0.931250 0.228906 0.028125 0.029687
0 0.984375 0.222656 0.018750 0.020313
0 0.964063 0.664844 0.043750 0.045312
0 0.959375 0.725781 0.043750 0.045312