0 0.117188 0.928906 0.034375 0.035937
0 0.187500 0.957031 0.043750 0.045312
0 0.189844 0.880469 0.032813 0.032813
0 0.136719 0.871094 0.032813 0.032813
0 0.067969 0.859375 0.032813 0.034375
0 0.004687 0.848437 0.009375 0.018750
0 0.202344 0.830469 0.032813 0.032813
0 0.147656 0.821875 0.032813 0.034375
0 0.080469 0.808594 0.032813 0.032813
0 0.014063 0.796875 0.028125 0.034375
0 0.117969 0.748437 0.048438 0.050000
0 0.192969 0.757031 0.064062 0.067187
0 0.207813 0.689063 0.043750 0.046875
0 0.160938 0.643750 0.043750 0.046875
0 0.225000 0.613281 0.043750 0.048438
0 0.008594 0.739062 0.010937 0.012500
0 0.012500 0.715625 0.012500 0.015625
0 0.003125 0.715625 0.006250 0.018750
0 0.498437 0.741406 0.021875 0.023438
0 0.492188 0.766406 0.028125 0.026562
0 0.486719 0.792188 0.026562 0.025000
0 0.482031 0.817969 0.026562 0.026562
0 0.476562 0.843750 0.028125 0.025000
0 0.471875 0.869531 0.025000 0.026562
0 0.525781 0.745313 0.020313 0.025000
0 0.517969 0.771094 0.023438 0.026562
0 0.513281 0.797656 0.026562 0.026562
0 0.508594 0.822656 0.026562 0.023438
0 0.503125 0.847656 0.025000 0.026562
0 0.499219 0.874219 0.023438 0.023438