0 0.110156 0.546094 0.029687 0.029687
0 0.057813 0.551562 0.040625 0.040625
0 0.010156 0.564063 0.020313 0.031250
0 0.060937 0.606250 0.040625 0.043750
0 0.101562 0.580469 0.018750 0.020313
0 0.103125 0.610938 0.025000 0.028125
0 0.011719 0.626563 0.023438 0.043750
0 0.068750 0.160938 0.025000 0.031250
0 0.031250 0.228906 0.028125 0.029687
0 0.084375 0.222656 0.018750 0.020313
0 0.153125 0.220312 0.025000 0.028125
0 0.125000 0.253906 0.034375 0.035937
0 0.117188 0.028906 0.034375 0.035937
0 0.187500 0.057031 0.043750 0.045312
0 0.064062 0.664844 0.043750 0.045312
0 0.059375 0.725781 0.043750 0.045312