0 0.744531 0.936719 0.117188 0.120313
0 0.624219 0.756250 0.117188 0.118750
0 0.480469 0.855469 0.117188 0.120313
0 0.328906 0.949219 0.117188 0.101562
0 0.127344 0.835938 0.117188 0.118750
0 0.272656 0.737500 0.117188 0.118750
0 0.424219 0.632812 0.117188 0.121875
0 0.570312 0.536719 0.115625 0.120313
0 0.721094 0.432031 0.114062 0.120313
0 0.866406 0.335156 0.117188 0.120313
0 0.840625 0.610938 0.115625 0.121875
0 0.963281 0.511719 0.073438 0.120313
0 0.032813 0.655469 0.065625 0.120313
0 0.153125 0.557813 0.115625 0.118750
0 0.304688 0.454688 0.118750 0.118750
0 0.449219 0.356250 0.117188 0.118750
0 0.601562 0.254688 0.115625 0.118750
0 0.746875 0.156250 0.115625 0.121875
0 0.910156 0.839844 0.064062 0.067187