0 0.932813 0.775000 0.134375 0.140625
0 0.768750 0.886719 0.140625 0.142187
0 0.605469 0.964063 0.139063 0.071875
0 0.311719 0.925000 0.145313 0.150000
0 0.480469 0.812500 0.145313 0.150000
0 0.645312 0.700781 0.143750 0.148438
0 0.810937 0.589844 0.143750 0.148438
0 0.952344 0.478125 0.095312 0.146875
0 0.853906 0.297656 0.139063 0.142187
0 0.690625 0.408594 0.143750 0.142187
0 0.524219 0.518750 0.142187 0.143750
0 0.360938 0.631250 0.140625 0.143750
0 0.191406 0.743750 0.142187 0.140625
0 0.032031 0.535937 0.064062 0.118750
0 0.150781 0.438281 0.117188 0.120313
0 0.303906 0.335156 0.117188 0.120313
0 0.449219 0.237500 0.117188 0.121875
0 0.600781 0.135156 0.117188 0.120313
0 0.744531 0.048438 0.117188 0.096875
0 0.328906 0.058594 0.117188 0.117188
0 0.182812 0.156250 0.118750 0.118750
0 0.045312 0.257812 0.090625 0.121875