0 0.156250 0.942969 0.140625 0.114062
0 0.321094 0.845313 0.139063 0.143750
0 0.499219 0.725000 0.139063 0.140625
0 0.664062 0.612500 0.140625 0.143750
0 0.552344 0.446875 0.139063 0.143750
0 0.387500 0.559375 0.140625 0.143750
0 0.199219 0.662500 0.139063 0.143750
0 0.052344 0.775000 0.104688 0.140625
0 0.075000 0.478125 0.140625 0.146875
0 0.257031 0.422656 0.085938 0.089063
0 0.343750 0.364844 0.084375 0.089063
0 0.183594 0.090625 0.085938 0.090625
0 0.543750 0.248438 0.018750 0.018750
0 0.574219 0.241406 0.017188 0.017188
0 0.559375 0.189062 0.021875 0.025000
0 0.524219 0.220312 0.020313 0.021875
0 0.432812 0.175781 0.012500 0.014063
0 0.423438 0.181250 0.012500 0.015625
0 0.419531 0.156250 0.010937 0.012500
0 0.410156 0.163281 0.010937 0.014063
0 0.456250 0.165625 0.012500 0.012500