0 0.045312 0.845313 0.090625 0.143750
0 0.199219 0.725000 0.139063 0.140625
0 0.364063 0.612500 0.140625 0.143750
0 0.252344 0.446875 0.139063 0.143750
0 0.087500 0.559375 0.140625 0.143750
0 0.043750 0.364844 0.084375 0.089063
0 0.243750 0.248438 0.018750 0.018750
0 0.274219 0.241406 0.017188 0.017188
0 0.259375 0.189062 0.021875 0.025000
0 0.224219 0.220312 0.020313 0.021875
0 0.132812 0.175781 0.012500 0.014063
0 0.123438 0.181250 0.012500 0.015625
0 0.119531 0.156250 0.010937 0.012500
0 0.110156 0.163281 0.010937 0.014063
0 0.156250 0.165625 0.012500 0.012500