0 0.293750 0.035156 0.034375 0.035937
0 0.217188 0.017188 0.028125 0.025000
0 0.251563 0.060937 0.037500 0.037500
0 0.126562 0.100781 0.037500 0.035937
0 0.057813 0.148438 0.034375 0.034375
0 0.159375 0.146875 0.037500 0.034375
0 0.104688 0.210156 0.034375 0.032813
0 0.245312 0.266406 0.046875 0.042188
0 0.146875 0.268750 0.037500 0.034375
0 0.192188 0.333594 0.034375 0.032813
0 0.034375 0.330469 0.053125 0.048438
0 0.317188 0.452344 0.046875 0.045312
0 0.365625 0.414844 0.031250 0.032813
0 0.251563 0.642969 0.050000 0.051562
0 0.319531 0.592187 0.045312 0.050000
0 0.356250 0.504687 0.043750 0.043750
0 0.411719 0.462500 0.045312 0.040625
0 0.521094 0.395313 0.073438 0.075000
0 0.629687 0.316406 0.078125 0.073438
0 0.735156 0.235937 0.082812 0.075000
0 0.847656 0.153125 0.079687 0.071875
0 0.521875 0.620313 0.040625 0.040625
0 0.391406 0.396094 0.029687 0.029687
0 0.645312 0.546094 0.059375 0.054688
0 0.550000 0.657031 0.034375 0.032813
0 0.703125 0.623437 0.034375 0.031250
0 0.819531 0.565625 0.085938 0.084375
0 0.853906 0.417187 0.089063 0.084375
0 0.954688 0.707031 0.078125 0.076563
0 0.592187 0.859375 0.071875 0.071875
0 0.846094 0.786719 0.076563 0.076563
0 0.919531 0.855469 0.051562 0.048438
0 0.873437 0.894531 0.053125 0.045312
0 0.193750 0.719531 0.012500 0.010937
0 0.180469 0.700781 0.010937 0.010937