0 0.201563 0.139844 0.065625 0.067187
0 0.202344 0.352344 0.082812 0.082812
0 0.388281 0.140625 0.051562 0.053125
0 0.514062 0.140625 0.075000 0.081250
0 0.648438 0.142187 0.078125 0.078125
0 0.894531 0.129688 0.017188 0.018750
0 0.892188 0.142187 0.015625 0.018750
0 0.892969 0.151562 0.014063 0.015625
0 0.894531 0.164844 0.017188 0.017188
0 0.892188 0.178125 0.018750 0.018750
0 0.872656 0.307031 0.017188 0.014063
0 0.872656 0.323437 0.014063 0.018750
0 0.886719 0.359375 0.020313 0.018750
0 0.880469 0.444531 0.020313 0.017188