0 0.234375 0.017969 0.062500 0.035937
0 0.232813 0.097656 0.062500 0.067187
0 0.932813 0.114844 0.040625 0.042188
0 0.485938 0.175781 0.021875 0.023438
0 0.485938 0.200781 0.021875 0.023438
0 0.485938 0.226562 0.021875 0.021875
0 0.486719 0.250000 0.020313 0.021875
0 0.485156 0.279687 0.023438 0.025000
0 0.485156 0.304688 0.023438 0.021875
0 0.486719 0.327344 0.023438 0.023438
0 0.456250 0.175781 0.021875 0.026562
0 0.457031 0.200000 0.023438 0.025000
0 0.457031 0.227344 0.023438 0.026562
0 0.457813 0.249219 0.028125 0.023438
0 0.287500 0.203125 0.021875 0.025000
0 0.457031 0.280469 0.023438 0.023438
0 0.456250 0.307031 0.025000 0.026562
0 0.287500 0.175781 0.021875 0.026562
0 0.286719 0.226562 0.020313 0.021875
0 0.286719 0.252344 0.020313 0.023438
0 0.288281 0.279687 0.020313 0.028125
0 0.257812 0.176563 0.025000 0.031250
0 0.257031 0.203125 0.023438 0.025000
0 0.257031 0.227344 0.020313 0.023438
0 0.258594 0.253125 0.020313 0.021875
0 0.257031 0.279687 0.020313 0.025000
0 0.257031 0.305469 0.020313 0.023438