0 0.684375 0.316406 0.040625 0.039062
0 0.674219 0.374219 0.035937 0.039062
0 0.660156 0.442969 0.026562 0.029687
0 0.625781 0.305469 0.026562 0.029687
0 0.615625 0.362500 0.037500 0.040625
0 0.601562 0.423438 0.037500 0.040625
0 0.518750 0.281250 0.037500 0.040625
0 0.505469 0.342187 0.039062 0.040625
0 0.498437 0.398438 0.037500 0.040625
0 0.458594 0.267188 0.035937 0.037500
0 0.445312 0.327344 0.037500 0.039062
0 0.437500 0.388281 0.037500 0.039062
0 0.335156 0.242188 0.035937 0.040625
0 0.325000 0.290625 0.037500 0.040625
0 0.314844 0.337500 0.035937 0.037500
0 0.264844 0.326562 0.035937 0.037500
0 0.275000 0.280469 0.031250 0.039062
0 0.285938 0.232813 0.034375 0.037500
0 0.170313 0.205469 0.031250 0.035937
0 0.123438 0.195312 0.034375 0.037500
0 0.162500 0.253906 0.034375 0.035937
0 0.114062 0.243750 0.031250 0.037500
0 0.151562 0.302344 0.037500 0.039062
0 0.103125 0.290625 0.034375 0.037500
0 0.639062 0.540625 0.037500 0.040625
0 0.624219 0.599219 0.039062 0.042188
0 0.576562 0.528906 0.028125 0.029687
0 0.564844 0.585938 0.035937 0.040625
0 0.554688 0.645312 0.040625 0.040625
0 0.613281 0.659375 0.039062 0.040625
0 0.470313 0.506250 0.040625 0.037500
0 0.457031 0.564844 0.039062 0.042188
0 0.446094 0.623437 0.035937 0.040625
0 0.413281 0.492188 0.035937 0.037500
0 0.400000 0.551562 0.037500 0.040625
0 0.386719 0.610156 0.035937 0.039062
0 0.285938 0.459375 0.034375 0.037500
0 0.276562 0.507031 0.037500 0.039062
0 0.264844 0.554688 0.035937 0.037500
0 0.238281 0.450781 0.032813 0.042188
0 0.228125 0.496875 0.034375 0.037500
0 0.221094 0.544531 0.032813 0.039062
0 0.026562 0.210938 0.028125 0.031250
0 0.017969 0.251563 0.029687 0.031250
0 0.012500 0.293750 0.025000 0.031250
0 0.848437 0.171875 0.018750 0.021875