0 0.134375 0.214062 0.053125 0.050000
0 0.032813 0.268750 0.046875 0.046875
0 0.143750 0.302344 0.021875 0.020313
0 0.107031 0.321094 0.020313 0.020313
0 0.074219 0.339844 0.020313 0.023438
0 0.039062 0.358594 0.018750 0.020313
0 0.054688 0.391406 0.018750 0.020313
0 0.247656 0.402344 0.029687 0.029687
0 0.279687 0.463281 0.028125 0.029687
0 0.311719 0.523438 0.026562 0.028125
0 0.339844 0.579688 0.026562 0.028125
0 0.371094 0.636719 0.029687 0.029687
0 0.399219 0.693750 0.029687 0.028125
0 0.328125 0.727344 0.034375 0.035937
0 0.293750 0.662500 0.034375 0.037500
0 0.259375 0.597656 0.034375 0.035937
0 0.227344 0.532031 0.035937 0.035937
0 0.178906 0.448437 0.029687 0.034375
0 0.004687 0.860156 0.009375 0.014063
0 0.012500 0.880469 0.015625 0.017188
0 0.103906 0.079687 0.017188 0.018750
0 0.116406 0.104688 0.017188 0.018750
0 0.061719 0.103125 0.017188 0.018750
0 0.096094 0.116406 0.017188 0.020313
0 0.109375 0.141406 0.015625 0.017188
0 0.088281 0.152344 0.017188 0.017188
0 0.071875 0.128906 0.012500 0.014063
0 0.040625 0.114844 0.015625 0.014063
0 0.054688 0.139063 0.018750 0.018750
0 0.066406 0.164062 0.017188 0.018750
0 0.020313 0.125000 0.015625 0.018750
0 0.010937 0.160156 0.012500 0.014063
0 0.046094 0.175000 0.017188 0.018750
0 0.023438 0.185156 0.015625 0.017188
0 0.754687 0.165625 0.053125 0.053125
0 0.814844 0.278125 0.057813 0.053125
0 0.873437 0.390625 0.056250 0.056250
0 0.759375 0.450781 0.050000 0.051562
0 0.700781 0.339062 0.051562 0.053125
0 0.642969 0.226562 0.054688 0.056250
0 0.514062 0.294531 0.053125 0.054688
0 0.571875 0.406250 0.053125 0.053125
0 0.631250 0.517969 0.053125 0.054688
0 0.384375 0.363281 0.059375 0.060937
0 0.441406 0.475781 0.057813 0.060937
0 0.503125 0.585938 0.062500 0.062500
0 0.975781 0.536719 0.032813 0.035937
0 0.986719 0.904687 0.026562 0.053125
0 0.936719 0.787500 0.051562 0.056250
0 0.895312 0.935156 0.034375 0.035937
0 0.856250 0.864062 0.034375 0.034375
0 0.829688 0.808594 0.028125 0.029687
0 0.944531 0.646094 0.035937 0.035937
0 0.906250 0.575000 0.037500 0.037500
0 0.822656 0.622656 0.042188 0.039062
0 0.752344 0.660156 0.042188 0.042188
0 0.789844 0.729688 0.039062 0.037500
0 0.857812 0.691406 0.034375 0.035937
0 0.760938 0.871094 0.021875 0.023438
0 0.979688 0.046094 0.040625 0.042188
0 0.470313 0.964844 0.053125 0.054688
0 0.471094 0.791406 0.014063 0.017188
0 0.435937 0.809375 0.015625 0.018750
0 0.399219 0.828906 0.017188 0.017188
0 0.366406 0.845313 0.017188 0.018750
0 0.430469 0.884375 0.020313 0.018750
0 0.471094 0.864062 0.017188 0.018750
0 0.503906 0.846094 0.017188 0.017188