0 0.142969 0.221875 0.010937 0.009375
0 0.129688 0.222656 0.012500 0.010937
0 0.128906 0.239063 0.010937 0.012500
0 0.143750 0.239063 0.009375 0.012500
0 0.078125 0.029687 0.012500 0.012500
0 0.086719 0.160938 0.010937 0.012500
0 0.387500 0.137500 0.037500 0.037500
0 0.296875 0.875000 0.025000 0.025000
0 0.353906 0.732031 0.010937 0.010937
0 0.342187 0.725000 0.012500 0.012500
0 0.331250 0.717187 0.012500 0.012500
0 0.363281 0.014844 0.010937 0.010937
0 0.363281 0.025000 0.010937 0.009375
0 0.364063 0.034375 0.012500 0.009375
0 0.415625 0.332813 0.018750 0.018750