0 0.770312 0.686719 0.053125 0.051562
0 0.836719 0.686719 0.048438 0.051562
0 0.759375 0.557031 0.046875 0.048438
0 0.841406 0.557813 0.051562 0.053125
0 0.841406 0.460938 0.051562 0.053125
0 0.758594 0.459375 0.045312 0.046875
0 0.759375 0.362500 0.046875 0.046875
0 0.840625 0.361719 0.050000 0.051562
0 0.959375 0.362500 0.050000 0.053125
0 0.957812 0.460156 0.050000 0.048438
0 0.974219 0.225000 0.051562 0.056250
0 0.973437 0.151562 0.040625 0.040625
0 0.972656 0.078125 0.042188 0.043750
0 0.973437 0.012500 0.040625 0.025000
0 0.843750 0.021094 0.050000 0.042188
0 0.843750 0.112500 0.050000 0.053125
0 0.842969 0.211719 0.051562 0.054688
0 0.759375 0.213281 0.046875 0.048438
0 0.759375 0.112500 0.046875 0.050000
0 0.759375 0.019531 0.046875 0.039062