0 0.527344 0.598437 0.026562 0.028125
0 0.505469 0.678906 0.039062 0.042188
0 0.346875 0.615625 0.015625 0.018750
0 0.347656 0.636719 0.017188 0.017188
0 0.348438 0.659375 0.015625 0.015625
0 0.507812 0.722656 0.040625 0.042188
0 0.541406 0.719531 0.023438 0.023438
0 0.539844 0.740625 0.010937 0.012500
0 0.552344 0.739844 0.010937 0.010937
0 0.357031 0.240625 0.017188 0.015625
0 0.356250 0.259375 0.015625 0.015625
0 0.273438 0.271875 0.025000 0.025000
0 0.241406 0.265625 0.017188 0.018750
0 0.201563 0.265625 0.018750 0.018750
0 0.203125 0.291406 0.018750 0.017188
0 0.202344 0.314844 0.017188 0.017188
0 0.235156 0.304688 0.010937 0.015625
0 0.253125 0.293750 0.018750 0.018750
0 0.289844 0.395313 0.014063 0.015625
0 0.260937 0.405469 0.034375 0.035937
0 0.258594 0.447656 0.017188 0.020313
0 0.230469 0.416406 0.023438 0.023438
0 0.229687 0.390625 0.025000 0.025000
0 0.211719 0.109375 0.042188 0.043750
0 0.157812 0.109375 0.040625 0.043750
0 0.157812 0.054688 0.037500 0.040625
0 0.146875 0.008594 0.031250 0.017188
0 0.102344 0.009375 0.032813 0.018750
0 0.103125 0.053906 0.040625 0.042188
0 0.103125 0.109375 0.040625 0.043750
0 0.788281 0.027344 0.017188 0.017188
0 0.803125 0.041406 0.009375 0.010937
0 0.792188 0.046875 0.009375 0.012500