0 0.770312 0.980469 0.053125 0.039062
0 0.836719 0.980469 0.048438 0.039062
0 0.759375 0.857031 0.046875 0.048438
0 0.841406 0.857812 0.051562 0.053125
0 0.841406 0.760938 0.051562 0.053125
0 0.758594 0.759375 0.045312 0.046875
0 0.759375 0.662500 0.046875 0.046875
0 0.840625 0.661719 0.050000 0.051562
0 0.959375 0.662500 0.050000 0.053125
0 0.957812 0.760156 0.050000 0.048438
0 0.974219 0.525000 0.051562 0.056250
0 0.973437 0.451562 0.040625 0.040625
0 0.972656 0.378125 0.042188 0.043750
0 0.973437 0.303906 0.040625 0.042188
0 0.843750 0.315625 0.050000 0.053125
0 0.843750 0.412500 0.050000 0.053125
0 0.842969 0.511719 0.051562 0.054688
0 0.759375 0.513281 0.046875 0.048438
0 0.759375 0.412500 0.046875 0.050000
0 0.759375 0.314844 0.046875 0.048438