0 0.992969 0.902344 0.014063 0.032813
0 0.991406 0.953906 0.017188 0.042188
0 0.876563 0.978125 0.053125 0.043750
0 0.804688 0.978125 0.053125 0.043750
0 0.877344 0.910937 0.051562 0.053125
0 0.805469 0.910937 0.051562 0.053125
0 0.876563 0.833594 0.050000 0.051562
0 0.878125 0.760938 0.050000 0.053125
0 0.807031 0.834375 0.057813 0.059375
0 0.815625 0.770312 0.040625 0.043750
0 0.800781 0.686719 0.048438 0.051562
0 0.721094 0.689063 0.054688 0.056250
0 0.725000 0.760938 0.034375 0.037500
0 0.742188 0.815625 0.040625 0.043750
0 0.992188 0.778125 0.015625 0.021875
0 0.992188 0.821875 0.015625 0.018750
0 0.992188 0.847656 0.015625 0.020313
0 0.625000 0.944531 0.034375 0.035937
0 0.545312 0.992969 0.031250 0.014063
0 0.546094 0.948438 0.045312 0.046875
0 0.455469 0.946094 0.042188 0.042188
0 0.395313 0.939063 0.031250 0.031250
0 0.394531 0.993750 0.029687 0.012500
0 0.417187 0.974219 0.015625 0.017188
0 0.394531 0.973437 0.014063 0.015625
0 0.377344 0.975781 0.010937 0.010937
0 0.227344 0.944531 0.029687 0.029687
0 0.182031 0.944531 0.029687 0.032813
0 0.132812 0.942969 0.028125 0.029687
0 0.138281 0.991406 0.042188 0.017188
0 0.185156 0.991406 0.039062 0.017188
0 0.228125 0.992969 0.031250 0.014063
0 0.626563 0.673438 0.031250 0.031250
0 0.579688 0.678906 0.034375 0.032813
0 0.534375 0.673438 0.040625 0.040625
0 0.488281 0.675000 0.039062 0.040625
0 0.442969 0.671094 0.029687 0.029687
0 0.400781 0.674219 0.032813 0.035937
0 0.396875 0.733594 0.031250 0.035937
0 0.440625 0.732812 0.034375 0.034375
0 0.490625 0.742969 0.034375 0.035937
0 0.554688 0.744531 0.034375 0.035937
0 0.614844 0.743750 0.051562 0.053125
0 0.611719 0.814063 0.051562 0.053125
0 0.555469 0.814844 0.042188 0.045312
0 0.502344 0.814844 0.042188 0.042188
0 0.450000 0.781250 0.021875 0.021875
0 0.446875 0.810156 0.018750 0.020313
0 0.420312 0.780469 0.021875 0.023438
0 0.419531 0.811719 0.017188 0.020313
0 0.388281 0.783594 0.017188 0.020313
0 0.389844 0.810937 0.020313 0.021875
0 0.418750 0.835156 0.018750 0.017188
0 0.391406 0.835938 0.014063 0.015625
0 0.132031 0.671094 0.023438 0.029687
0 0.174219 0.705469 0.023438 0.023438
0 0.174219 0.733594 0.014063 0.017188
0 0.278125 0.716406 0.012500 0.017188
0 0.275000 0.747656 0.018750 0.020313
0 0.249219 0.421094 0.029687 0.029687
0 0.141406 0.543750 0.029687 0.028125
0 0.142969 0.584375 0.029687 0.031250
0 0.618750 0.585938 0.037500 0.037500
0 0.571094 0.586719 0.039062 0.039062
0 0.479687 0.585156 0.025000 0.026562
0 0.435937 0.585938 0.025000 0.025000
0 0.415625 0.530469 0.012500 0.010937
0 0.402344 0.529687 0.010937 0.009375
0 0.390625 0.530469 0.009375 0.010937
0 0.389062 0.561719 0.009375 0.010937
0 0.389844 0.584375 0.007812 0.009375
0 0.389844 0.596875 0.010937 0.012500
0 0.401562 0.543750 0.009375 0.009375
0 0.400781 0.560156 0.010937 0.010937
0 0.401562 0.573438 0.012500 0.012500
0 0.400781 0.585156 0.010937 0.010937