0 0.171875 0.200781 0.037500 0.039062
0 0.214062 0.201563 0.021875 0.021875
0 0.219531 0.157812 0.020313 0.018750
0 0.142969 0.521875 0.010937 0.009375
0 0.129688 0.522656 0.012500 0.010937
0 0.128906 0.539062 0.010937 0.012500
0 0.143750 0.539062 0.009375 0.012500
0 0.078125 0.329688 0.012500 0.012500
0 0.086719 0.460938 0.010937 0.012500
0 0.387500 0.437500 0.037500 0.037500
0 0.363281 0.314844 0.010937 0.010937
0 0.363281 0.325000 0.010937 0.009375
0 0.364063 0.334375 0.012500 0.009375
0 0.415625 0.632812 0.018750 0.018750
0 0.122656 0.197656 0.010937 0.010937
0 0.110937 0.198437 0.012500 0.012500
0 0.098437 0.199219 0.012500 0.014063
0 0.085938 0.200000 0.012500 0.012500