0 0.741406 0.745313 0.020313 0.021875
0 0.775000 0.746875 0.018750 0.018750
0 0.803906 0.746094 0.017188 0.020313
0 0.833594 0.746875 0.014063 0.018750
0 0.866406 0.735938 0.010937 0.012500
0 0.779687 0.289062 0.018750 0.021875
0 0.779687 0.310937 0.018750 0.018750
0 0.760156 0.289062 0.014063 0.015625
0 0.760156 0.310937 0.014063 0.015625
0 0.739062 0.296875 0.012500 0.015625
0 0.738281 0.314063 0.014063 0.015625
0 0.735938 0.430469 0.009375 0.010937
0 0.735938 0.416406 0.009375 0.010937
0 0.749219 0.405469 0.017188 0.020313
0 0.769531 0.406250 0.017188 0.018750
0 0.991406 0.053906 0.017188 0.042188
0 0.991406 0.109375 0.017188 0.043750
0 0.876563 0.082812 0.053125 0.053125
0 0.804688 0.082812 0.053125 0.053125
0 0.877344 0.018750 0.051562 0.037500
0 0.805469 0.018750 0.051562 0.037500
0 0.625000 0.044531 0.034375 0.035937
0 0.628125 0.107031 0.037500 0.039062
0 0.605469 0.171875 0.057813 0.056250
0 0.510156 0.171875 0.051562 0.053125
0 0.420312 0.169531 0.050000 0.051562
0 0.545312 0.102344 0.031250 0.032813
0 0.546094 0.048438 0.045312 0.046875
0 0.455469 0.046094 0.042188 0.042188
0 0.395313 0.039062 0.031250 0.031250
0 0.394531 0.103125 0.029687 0.031250
0 0.417187 0.074219 0.015625 0.017188
0 0.394531 0.073438 0.014063 0.015625
0 0.377344 0.075781 0.010937 0.010937
0 0.456250 0.103906 0.031250 0.029687
0 0.227344 0.044531 0.029687 0.029687
0 0.182031 0.044531 0.029687 0.032813
0 0.132812 0.042969 0.028125 0.029687
0 0.138281 0.103906 0.042188 0.042188
0 0.185156 0.103125 0.039062 0.040625
0 0.228125 0.102344 0.031250 0.032813
0 0.275000 0.163281 0.040625 0.045312
0 0.210156 0.162500 0.051562 0.050000
0 0.142969 0.161719 0.051562 0.051562
0 0.271094 0.299219 0.051562 0.051562
0 0.208594 0.300000 0.051562 0.053125
0 0.147656 0.300000 0.051562 0.053125
0 0.248438 0.424219 0.018750 0.023438
0 0.253125 0.446094 0.015625 0.017188
0 0.222656 0.424219 0.023438 0.023438
0 0.217188 0.446094 0.015625 0.017188
0 0.130469 0.453906 0.017188 0.020313
0 0.143750 0.593750 0.053125 0.053125
0 0.206250 0.593750 0.053125 0.053125
0 0.269531 0.594531 0.057813 0.054688
0 0.411719 0.281250 0.029687 0.031250
0 0.454688 0.282813 0.028125 0.028125
0 0.496875 0.282031 0.031250 0.032813
0 0.560937 0.282813 0.031250 0.031250
0 0.620313 0.282031 0.031250 0.032813
0 0.618750 0.356250 0.034375 0.037500
0 0.560937 0.356250 0.040625 0.040625
0 0.560156 0.411719 0.039062 0.039062
0 0.617188 0.467187 0.040625 0.040625
0 0.559375 0.467187 0.040625 0.040625
0 0.497656 0.465625 0.026562 0.028125
0 0.457813 0.467187 0.037500 0.043750
0 0.414844 0.467969 0.032813 0.032813
0 0.411719 0.412500 0.026562 0.031250
0 0.411719 0.354687 0.026562 0.028125
0 0.453125 0.356250 0.025000 0.028125
0 0.495312 0.354687 0.025000 0.031250
0 0.496094 0.410938 0.026562 0.028125
0 0.453906 0.410938 0.026562 0.028125
0 0.603125 0.605469 0.053125 0.054688
0 0.600781 0.703906 0.048438 0.054688
0 0.596094 0.785156 0.035937 0.035937
0 0.471875 0.784375 0.050000 0.050000
0 0.497656 0.703125 0.051562 0.053125
0 0.497656 0.604688 0.051562 0.050000
0 0.393750 0.603906 0.050000 0.054688
0 0.393750 0.704688 0.046875 0.050000
0 0.402344 0.785156 0.048438 0.048438