0 0.059375 0.662500 0.050000 0.053125
0 0.140625 0.665625 0.050000 0.059375
0 0.139063 0.760938 0.046875 0.053125
0 0.057813 0.760156 0.050000 0.048438
0 0.139844 0.857812 0.051562 0.053125
0 0.259375 0.760938 0.050000 0.053125
0 0.258594 0.857812 0.051562 0.053125
0 0.510938 0.641406 0.018750 0.020313
0 0.456250 0.650781 0.031250 0.032813
0 0.455469 0.687500 0.029687 0.034375
0 0.454688 0.742969 0.031250 0.032813
0 0.408594 0.638281 0.014063 0.017188
0 0.406250 0.670312 0.018750 0.021875
0 0.380469 0.669531 0.020313 0.020313
0 0.407031 0.694531 0.020313 0.017188
0 0.391406 0.742969 0.032813 0.029687
0 0.379688 0.694531 0.018750 0.020313
0 0.604688 0.416406 0.050000 0.051562
0 0.603125 0.510156 0.046875 0.048438
0 0.484375 0.417187 0.053125 0.053125
0 0.485156 0.512500 0.054688 0.053125
0 0.401562 0.414844 0.053125 0.054688
0 0.400000 0.510156 0.050000 0.051562
0 0.260156 0.404687 0.051562 0.053125
0 0.289062 0.469531 0.018750 0.020313
0 0.260937 0.467969 0.018750 0.020313
0 0.235156 0.468750 0.017188 0.018750
0 0.260156 0.496094 0.020313 0.020313
0 0.233594 0.494531 0.017188 0.017188
0 0.260937 0.313281 0.053125 0.051562
0 0.400781 0.319531 0.051562 0.051562
0 0.485938 0.321094 0.050000 0.051562
0 0.603906 0.321875 0.051562 0.053125
0 0.146875 0.303125 0.043750 0.043750
0 0.146875 0.377344 0.040625 0.042188
0 0.145313 0.451562 0.040625 0.040625
0 0.145313 0.524219 0.040625 0.042188
0 0.074219 0.525000 0.051562 0.056250
0 0.073438 0.451562 0.040625 0.040625
0 0.072656 0.378125 0.042188 0.043750
0 0.073438 0.303906 0.040625 0.042188
0 0.849219 0.200781 0.020313 0.020313
0 0.978125 0.329688 0.012500 0.012500
0 0.986719 0.460938 0.010937 0.012500
0 0.996094 0.199219 0.007812 0.014063
0 0.985938 0.200000 0.012500 0.012500
0 0.375781 0.844531 0.017188 0.017188