0 0.059375 0.362500 0.050000 0.053125
0 0.140625 0.365625 0.050000 0.059375
0 0.139063 0.460938 0.046875 0.053125
0 0.057813 0.460156 0.050000 0.048438
0 0.139844 0.557813 0.051562 0.053125
0 0.259375 0.460938 0.050000 0.053125
0 0.258594 0.557813 0.051562 0.053125
0 0.510938 0.341406 0.018750 0.020313
0 0.456250 0.350781 0.031250 0.032813
0 0.455469 0.387500 0.029687 0.034375
0 0.454688 0.442969 0.031250 0.032813
0 0.408594 0.338281 0.014063 0.017188
0 0.406250 0.370312 0.018750 0.021875
0 0.380469 0.369531 0.020313 0.020313
0 0.407031 0.394531 0.020313 0.017188
0 0.391406 0.442969 0.032813 0.029687
0 0.379688 0.394531 0.018750 0.020313
0 0.604688 0.116406 0.050000 0.051562
0 0.603125 0.210156 0.046875 0.048438
0 0.484375 0.117188 0.053125 0.053125
0 0.485156 0.212500 0.054688 0.053125
0 0.401562 0.114844 0.053125 0.054688
0 0.400000 0.210156 0.050000 0.051562
0 0.260156 0.104688 0.051562 0.053125
0 0.289062 0.169531 0.018750 0.020313
0 0.260937 0.167969 0.018750 0.020313
0 0.235156 0.168750 0.017188 0.018750
0 0.260156 0.196094 0.020313 0.020313
0 0.233594 0.194531 0.017188 0.017188
0 0.260937 0.019531 0.053125 0.039062
0 0.400781 0.022656 0.051562 0.045312
0 0.485938 0.023438 0.050000 0.046875
0 0.603906 0.024219 0.051562 0.048438
0 0.146875 0.012500 0.043750 0.025000
0 0.146875 0.077344 0.040625 0.042188
0 0.145313 0.151562 0.040625 0.040625
0 0.145313 0.224219 0.040625 0.042188
0 0.074219 0.225000 0.051562 0.056250
0 0.073438 0.151562 0.040625 0.040625
0 0.072656 0.078125 0.042188 0.043750
0 0.073438 0.012500 0.040625 0.025000
0 0.978125 0.029687 0.012500 0.012500
0 0.986719 0.160938 0.010937 0.012500
0 0.375781 0.544531 0.017188 0.017188