0 0.012500 0.523438 0.025000 0.028125
0 0.039844 0.579688 0.026562 0.028125
0 0.071094 0.636719 0.029687 0.029687
0 0.099219 0.693750 0.029687 0.028125
0 0.028125 0.727344 0.034375 0.035937
0 0.454688 0.165625 0.053125 0.053125
0 0.514844 0.278125 0.057813 0.053125
0 0.573438 0.390625 0.056250 0.056250
0 0.459375 0.450781 0.050000 0.051562
0 0.400781 0.339062 0.051562 0.053125
0 0.342969 0.226562 0.054688 0.056250
0 0.214062 0.294531 0.053125 0.054688
0 0.271875 0.406250 0.053125 0.053125
0 0.331250 0.517969 0.053125 0.054688
0 0.084375 0.363281 0.059375 0.060937
0 0.141406 0.475781 0.057813 0.060937
0 0.203125 0.585938 0.062500 0.062500
0 0.675781 0.536719 0.032813 0.035937
0 0.714844 0.607031 0.035937 0.035937
0 0.742188 0.728906 0.053125 0.054688
0 0.807031 0.849219 0.060937 0.060937
0 0.700000 0.904687 0.053125 0.053125
0 0.765625 0.956250 0.021875 0.025000
0 0.712500 0.983594 0.025000 0.026562
0 0.636719 0.787500 0.051562 0.056250
0 0.595313 0.935156 0.034375 0.035937
0 0.556250 0.864062 0.034375 0.034375
0 0.529687 0.808594 0.028125 0.029687
0 0.644531 0.646094 0.035937 0.035937
0 0.606250 0.575000 0.037500 0.037500
0 0.522656 0.622656 0.042188 0.039062
0 0.452344 0.660156 0.042188 0.042188
0 0.489844 0.729688 0.039062 0.037500
0 0.557813 0.691406 0.034375 0.035937
0 0.460938 0.871094 0.021875 0.023438
0 0.880469 0.422656 0.035937 0.039062
0 0.767188 0.283594 0.053125 0.057813
0 0.877344 0.225000 0.054688 0.056250
0 0.833594 0.142187 0.035937 0.037500
0 0.708594 0.173437 0.054688 0.053125
0 0.679688 0.046094 0.040625 0.042188
0 0.760156 0.014844 0.051562 0.029687
0 0.985938 0.158594 0.028125 0.057813
0 0.944531 0.048438 0.057813 0.056250
0 0.170313 0.964844 0.053125 0.054688
0 0.171094 0.791406 0.014063 0.017188
0 0.135937 0.809375 0.015625 0.018750
0 0.099219 0.828906 0.017188 0.017188
0 0.066406 0.845313 0.017188 0.018750
0 0.130469 0.884375 0.020313 0.018750
0 0.171094 0.864062 0.017188 0.018750
0 0.203906 0.846094 0.017188 0.017188
0 0.919531 0.403125 0.010937 0.012500
0 0.914062 0.392969 0.012500 0.010937