0 0.157812 0.954688 0.037500 0.040625
0 0.146875 0.901563 0.031250 0.031250
0 0.102344 0.902344 0.032813 0.032813
0 0.103125 0.953906 0.040625 0.042188
0 0.093750 0.778125 0.018750 0.021875
0 0.111719 0.796875 0.017188 0.018750
0 0.093750 0.821875 0.018750 0.018750
0 0.119531 0.825000 0.017188 0.021875
0 0.117969 0.848437 0.017188 0.018750
0 0.094531 0.847656 0.020313 0.020313
0 0.732031 0.138281 0.035937 0.039062
0 0.778906 0.227344 0.035937 0.039062
0 0.825781 0.315625 0.035937 0.037500
0 0.853906 0.413281 0.051562 0.051562
0 0.711719 0.262500 0.035937 0.037500
0 0.757812 0.352344 0.037500 0.035937
0 0.664062 0.174219 0.034375 0.035937
0 0.599219 0.209375 0.039062 0.037500
0 0.643750 0.298438 0.037500 0.037500
0 0.675781 0.358594 0.035937 0.035937
0 0.707812 0.418750 0.034375 0.037500
0 0.740625 0.479687 0.037500 0.037500
0 0.932813 0.268750 0.046875 0.046875
0 0.974219 0.339844 0.020313 0.023438
0 0.939063 0.358594 0.018750 0.020313
0 0.954688 0.391406 0.018750 0.020313
0 0.890625 0.839063 0.015625 0.015625
0 0.901563 0.860156 0.015625 0.014063
0 0.912500 0.880469 0.015625 0.017188
0 0.788281 0.927344 0.017188 0.017188
0 0.803125 0.941406 0.009375 0.010937
0 0.792188 0.946875 0.009375 0.012500
0 0.961719 0.103125 0.017188 0.018750
0 0.993750 0.116406 0.012500 0.020313
0 0.988281 0.152344 0.017188 0.017188
0 0.971875 0.128906 0.012500 0.014063
0 0.940625 0.114844 0.015625 0.014063
0 0.954688 0.139063 0.018750 0.018750
0 0.966406 0.164062 0.017188 0.018750
0 0.920312 0.125000 0.015625 0.018750
0 0.910937 0.160156 0.012500 0.014063
0 0.946094 0.175000 0.017188 0.018750
0 0.923438 0.185156 0.015625 0.017188
0 0.897656 0.135937 0.017188 0.015625
0 0.872656 0.146094 0.017188 0.017188
0 0.886719 0.171875 0.020313 0.018750
0 0.811719 0.061719 0.014063 0.014063
0 0.798438 0.067187 0.015625 0.018750
0 0.892969 0.064844 0.010937 0.014063