0 0.373437 0.067969 0.128125 0.135937
0 0.564063 0.167187 0.121875 0.137500
0 0.751563 0.264062 0.134375 0.125000
0 0.937500 0.364063 0.125000 0.125000
0 0.085938 0.157812 0.128125 0.134375
0 0.278125 0.254688 0.131250 0.140625
0 0.468750 0.360938 0.131250 0.128125
0 0.657813 0.457813 0.128125 0.134375
0 0.848437 0.556250 0.134375 0.137500
0 0.028125 0.354687 0.056250 0.134375
0 0.178125 0.453125 0.131250 0.137500
0 0.365625 0.546875 0.131250 0.137500
0 0.557813 0.645312 0.140625 0.134375
0 0.751563 0.745313 0.134375 0.146875
0 0.935156 0.846875 0.129688 0.131250
0 0.081250 0.640625 0.134375 0.137500
0 0.268750 0.742188 0.134375 0.146875
0 0.460938 0.839063 0.137500 0.128125
0 0.648438 0.932813 0.143750 0.134375
0 0.170313 0.928906 0.125000 0.142187