0 0.648438 0.051562 0.143750 0.103125
0 0.835938 0.137500 0.125000 0.118750
0 0.170313 0.050781 0.125000 0.101562
0 0.360938 0.132812 0.131250 0.131250
0 0.550000 0.225000 0.128125 0.134375
0 0.740625 0.326562 0.134375 0.131250
0 0.935156 0.432812 0.129688 0.137500
0 0.070312 0.220312 0.131250 0.125000
0 0.264062 0.320312 0.137500 0.137500
0 0.457813 0.421875 0.137500 0.134375
0 0.643750 0.521875 0.134375 0.128125
0 0.831250 0.617188 0.140625 0.131250
0 0.061719 0.678125 0.123438 0.137500
0 0.243750 0.775000 0.128125 0.131250
0 0.146875 0.953906 0.121875 0.092188
0 0.435937 0.876563 0.143750 0.125000
0 0.628125 0.957031 0.128125 0.085938