0 0.793750 0.062500 0.131250 0.125000
0 0.960938 0.157812 0.078125 0.134375
0 0.504687 0.153125 0.134375 0.137500
0 0.693750 0.251563 0.131250 0.140625
0 0.890625 0.354687 0.131250 0.134375
0 0.429688 0.331250 0.081250 0.093750
0 0.600000 0.442188 0.146875 0.134375
0 0.784375 0.539062 0.134375 0.128125
0 0.957031 0.640625 0.085938 0.137500
0 0.371875 0.454688 0.096875 0.090625
0 0.496875 0.637500 0.128125 0.131250
0 0.685937 0.731250 0.131250 0.131250
0 0.875000 0.831250 0.140625 0.140625
0 0.401562 0.829688 0.125000 0.137500
0 0.587500 0.929688 0.128125 0.137500
0 0.210938 0.542969 0.034375 0.032813
0 0.318750 0.592969 0.025000 0.023438
0 0.273438 0.280469 0.015625 0.026562
0 0.292969 0.242969 0.017188 0.020313
0 0.264844 0.296094 0.017188 0.017188