0 0.146875 0.071875 0.121875 0.128125
0 0.339062 0.167187 0.125000 0.131250
0 0.628125 0.076563 0.128125 0.125000
0 0.534375 0.268750 0.140625 0.140625
0 0.101562 0.931250 0.081250 0.065625
0 0.201563 0.634375 0.037500 0.046875
0 0.812500 0.176563 0.134375 0.125000
0 0.952344 0.359375 0.095312 0.146875
0 0.659375 0.406250 0.015625 0.015625
0 0.650781 0.419531 0.014063 0.014063
0 0.642969 0.439063 0.014063 0.015625
0 0.635156 0.454688 0.014063 0.015625
0 0.525000 0.464844 0.009375 0.010937
0 0.582031 0.510156 0.010937 0.014063