0 0.059375 0.240625 0.103125 0.112500
0 0.060156 0.378125 0.107813 0.112500
0 0.196875 0.376563 0.109375 0.112500
0 0.197656 0.238281 0.107813 0.110937
0 0.351562 0.235937 0.109375 0.112500
0 0.353906 0.372656 0.114062 0.110937
0 0.487500 0.371875 0.106250 0.109375
0 0.488281 0.234375 0.110937 0.109375
0 0.622656 0.234375 0.104688 0.109375
0 0.623437 0.373437 0.106250 0.112500
0 0.760156 0.371875 0.107813 0.112500
0 0.760938 0.234375 0.106250 0.109375
0 0.896875 0.233594 0.109375 0.110937
0 0.897656 0.368750 0.107813 0.109375