0 0.105469 0.014844 0.051562 0.029687
0 0.185938 0.042969 0.062500 0.064062
0 0.067969 0.327344 0.020313 0.023438
0 0.067969 0.350781 0.026562 0.023438
0 0.069531 0.377344 0.026562 0.026562
0 0.076563 0.409375 0.034375 0.031250
0 0.076563 0.442188 0.034375 0.034375
0 0.112500 0.448437 0.031250 0.037500
0 0.157812 0.453125 0.025000 0.025000
0 0.621875 0.796875 0.037500 0.037500
0 0.671875 0.795312 0.028125 0.031250
0 0.674219 0.846875 0.035937 0.040625
0 0.591406 0.857031 0.029687 0.029687
0 0.626563 0.879687 0.031250 0.031250
0 0.596875 0.886719 0.025000 0.029687
0 0.671875 0.878125 0.018750 0.021875
0 0.186719 0.452344 0.017188 0.017188