0 0.450781 0.035937 0.098437 0.071875
0 0.332031 0.031250 0.064062 0.059375
0 0.163281 0.021094 0.079687 0.042188
0 0.078125 0.016406 0.062500 0.032813
0 0.419531 0.132031 0.032813 0.032813
0 0.364063 0.129688 0.034375 0.034375
0 0.351562 0.188281 0.034375 0.035937
0 0.295312 0.187500 0.034375 0.034375
0 0.473438 0.260156 0.021875 0.023438
0 0.408594 0.258594 0.032813 0.035937
0 0.353125 0.256250 0.037500 0.037500
0 0.294531 0.255469 0.039062 0.035937
0 0.464844 0.369531 0.054688 0.048438
0 0.388281 0.368750 0.048438 0.046875
0 0.307812 0.365625 0.059375 0.056250
0 0.582031 0.017969 0.017188 0.017188
0 0.598437 0.017188 0.006250 0.009375
0 0.304688 0.128906 0.046875 0.017188
0 0.315625 0.130469 0.018750 0.020313
0 0.451562 0.132031 0.025000 0.017188
0 0.478906 0.132031 0.017188 0.017188
0 0.446094 0.257812 0.017188 0.015625