0 0.410938 0.836719 0.059375 0.051562
0 0.521094 0.836719 0.060937 0.051562
0 0.521094 0.749219 0.060937 0.048438
0 0.408594 0.751563 0.057813 0.050000
0 0.661719 0.669531 0.054688 0.051562
0 0.521875 0.634375 0.059375 0.056250
0 0.410156 0.635938 0.057813 0.059375
0 0.408594 0.550781 0.054688 0.054688
0 0.518750 0.550781 0.059375 0.054688
0 0.663281 0.553906 0.057813 0.045312
0 0.664062 0.470313 0.053125 0.050000
0 0.519531 0.432812 0.057813 0.053125
0 0.407031 0.432031 0.057813 0.057813
0 0.662500 0.350000 0.056250 0.046875
0 0.661719 0.267188 0.060937 0.053125
0 0.521875 0.258594 0.053125 0.051562
0 0.377344 0.257812 0.057813 0.056250
0 0.377344 0.174219 0.057813 0.057813
0 0.520312 0.174219 0.059375 0.054688
0 0.661719 0.146094 0.060937 0.048438
0 0.378125 0.063281 0.059375 0.048438
0 0.517969 0.063281 0.057813 0.051562
0 0.661719 0.065625 0.060937 0.050000
0 0.279687 0.189844 0.015625 0.014063
0 0.257812 0.187500 0.012500 0.012500