0 0.225781 0.253906 0.020313 0.020313
0 0.229687 0.225000 0.015625 0.015625
0 0.243750 0.229687 0.015625 0.015625
0 0.248438 0.250781 0.021875 0.023438
0 0.275000 0.240625 0.015625 0.015625
0 0.287500 0.225781 0.015625 0.017188
0 0.292187 0.242188 0.018750 0.018750
0 0.632031 0.153125 0.029687 0.028125
0 0.646094 0.178125 0.029687 0.028125
0 0.664844 0.164844 0.026562 0.026562
0 0.685937 0.154688 0.028125 0.025000
0 0.671875 0.050781 0.021875 0.020313
0 0.684375 0.067969 0.018750 0.020313
0 0.696094 0.086719 0.020313 0.020313
0 0.709375 0.114844 0.015625 0.017188
0 0.728125 0.112500 0.018750 0.018750
0 0.725781 0.092188 0.020313 0.018750
0 0.746875 0.111719 0.021875 0.020313
0 0.746875 0.086719 0.021875 0.023438
0 0.756250 0.060156 0.018750 0.020313
0 0.796875 0.098437 0.021875 0.025000
0 0.777344 0.092188 0.017188 0.018750
0 0.768750 0.074219 0.018750 0.017188
0 0.764062 0.100000 0.018750 0.018750
0 0.773438 0.113281 0.012500 0.014063