0 0.171094 0.936719 0.020313 0.020313
0 0.150000 0.925781 0.018750 0.020313
0 0.128125 0.914844 0.021875 0.020313
0 0.106250 0.903906 0.018750 0.020313
0 0.161719 0.958594 0.020313 0.017188
0 0.140625 0.947656 0.018750 0.020313
0 0.117969 0.936719 0.020313 0.020313
0 0.096094 0.925781 0.020313 0.020313
0 0.150781 0.980469 0.020313 0.020313
0 0.129688 0.969531 0.018750 0.020313
0 0.106250 0.958594 0.021875 0.020313
0 0.085938 0.947656 0.018750 0.020313
0 0.159375 0.192969 0.021875 0.020313
0 0.196094 0.185938 0.020313 0.021875
0 0.167187 0.223438 0.015625 0.015625
0 0.172656 0.248438 0.017188 0.018750
0 0.203125 0.215625 0.015625 0.018750
0 0.209375 0.239844 0.015625 0.017188