0 0.600781 0.097656 0.051562 0.054688
0 0.514062 0.120313 0.053125 0.056250
0 0.385156 0.153906 0.051562 0.054688
0 0.300781 0.179688 0.054688 0.056250
0 0.160156 0.216406 0.054688 0.054688
0 0.180469 0.300000 0.057813 0.056250
0 0.622656 0.182031 0.051562 0.051562
0 0.535156 0.206250 0.048438 0.053125
0 0.408594 0.239844 0.051562 0.051562
0 0.324219 0.263281 0.051562 0.051562
0 0.663281 0.327344 0.048438 0.051562
0 0.688281 0.420312 0.051562 0.053125
0 0.577344 0.353125 0.051562 0.053125
0 0.602344 0.444531 0.051562 0.054688
0 0.450000 0.388281 0.053125 0.054688
0 0.364063 0.410938 0.053125 0.053125
0 0.475000 0.480469 0.053125 0.054688
0 0.388281 0.500781 0.054688 0.060937
0 0.237500 0.414844 0.034375 0.035937
0 0.189062 0.428125 0.034375 0.034375
0 0.250000 0.462500 0.031250 0.031250
0 0.201563 0.478906 0.034375 0.035937
0 0.262500 0.510938 0.031250 0.031250
0 0.212500 0.523438 0.028125 0.028125
0 0.272656 0.557031 0.026562 0.026562
0 0.223438 0.568750 0.028125 0.031250