0 0.171094 0.036719 0.020313 0.020313
0 0.150000 0.025781 0.018750 0.020313
0 0.128125 0.014844 0.021875 0.020313
0 0.106250 0.007031 0.018750 0.014063
0 0.161719 0.058594 0.020313 0.017188
0 0.140625 0.047656 0.018750 0.020313
0 0.117969 0.036719 0.020313 0.020313
0 0.096094 0.025781 0.020313 0.020313
0 0.150781 0.080469 0.020313 0.020313
0 0.129688 0.069531 0.018750 0.020313
0 0.106250 0.058594 0.021875 0.020313
0 0.085938 0.047656 0.018750 0.020313
0 0.005469 0.688281 0.010937 0.020313
0 0.010937 0.710156 0.021875 0.020313
0 0.021875 0.733594 0.021875 0.023438
0 0.005469 0.743750 0.010937 0.021875