0 0.300781 0.097656 0.051562 0.054688
0 0.214062 0.120313 0.053125 0.056250
0 0.085156 0.153906 0.051562 0.054688
0 0.014063 0.179688 0.028125 0.056250
0 0.322656 0.182031 0.051562 0.051562
0 0.235156 0.206250 0.048438 0.053125
0 0.108594 0.239844 0.051562 0.051562
0 0.025000 0.263281 0.050000 0.051562
0 0.363281 0.327344 0.048438 0.051562
0 0.388281 0.420312 0.051562 0.053125
0 0.277344 0.353125 0.051562 0.053125
0 0.302344 0.444531 0.051562 0.054688
0 0.150000 0.388281 0.053125 0.054688
0 0.064062 0.410938 0.053125 0.053125
0 0.175000 0.480469 0.053125 0.054688
0 0.088281 0.500781 0.054688 0.060937