0 0.040625 0.930469 0.068750 0.067187
0 0.114062 0.778125 0.065625 0.065625
0 0.231250 0.835156 0.065625 0.067187
0 0.456250 0.891406 0.087500 0.092188
0 0.509375 0.782813 0.087500 0.087500
0 0.635156 0.503906 0.089063 0.098437
0 0.497656 0.428906 0.092188 0.095312
0 0.613281 0.310937 0.085938 0.090625
0 0.716406 0.370312 0.092188 0.087500
0 0.989062 0.246875 0.015625 0.012500
0 0.982031 0.295312 0.014063 0.012500
0 0.996094 0.296875 0.007812 0.015625
0 0.792188 0.551562 0.025000 0.031250
0 0.771875 0.592969 0.025000 0.029687