0 0.910156 0.122656 0.067187 0.067187
0 0.848437 0.046875 0.068750 0.065625
0 0.587500 0.017188 0.068750 0.034375
0 0.653906 0.078906 0.073438 0.064062
0 0.714844 0.156250 0.067187 0.065625
0 0.782031 0.231250 0.070312 0.068750
0 0.884375 0.350781 0.068750 0.073438
0 0.807031 0.414844 0.067187 0.067187
0 0.660937 0.334375 0.068750 0.068750
0 0.596875 0.257812 0.065625 0.068750
0 0.534375 0.183594 0.065625 0.064062
0 0.468750 0.105469 0.068750 0.064062
0 0.403906 0.030469 0.070312 0.060937
0 0.555469 0.435156 0.054688 0.048438
0 0.493750 0.357812 0.053125 0.050000
0 0.393750 0.295312 0.065625 0.065625
0 0.328125 0.221875 0.068750 0.068750
0 0.264844 0.146875 0.067187 0.065625
0 0.200781 0.071094 0.067187 0.064062