0 0.967187 0.582812 0.065625 0.068750
0 0.901563 0.507812 0.065625 0.071875
0 0.836719 0.432812 0.070312 0.068750
0 0.710938 0.538281 0.065625 0.067187
0 0.770312 0.611719 0.065625 0.064062
0 0.835938 0.691406 0.068750 0.070312
0 0.896875 0.769531 0.062500 0.067187
0 0.961719 0.845313 0.064062 0.065625
0 0.848437 0.946875 0.068750 0.065625
0 0.782031 0.871094 0.073438 0.064062
0 0.714844 0.794531 0.064062 0.067187
0 0.650781 0.717187 0.070312 0.062500
0 0.589844 0.641406 0.070312 0.067187
0 0.460156 0.753125 0.067187 0.065625
0 0.522656 0.827344 0.064062 0.064062
0 0.587500 0.902344 0.068750 0.064062
0 0.653906 0.973437 0.073438 0.053125
0 0.468750 0.986719 0.068750 0.026562
0 0.403906 0.928125 0.070312 0.065625
0 0.340625 0.856250 0.068750 0.068750
0 0.200781 0.969531 0.067187 0.060937