0 0.969531 0.798438 0.060937 0.068750
0 0.825781 0.617969 0.023438 0.023438
0 0.800781 0.608594 0.023438 0.023438
0 0.628906 0.149219 0.026562 0.026562
0 0.607031 0.121094 0.026562 0.026562
0 0.415625 0.093750 0.068750 0.065625
0 0.353125 0.026562 0.071875 0.053125
0 0.128125 0.026562 0.065625 0.053125
0 0.221875 0.127344 0.065625 0.067187
0 0.287500 0.201563 0.062500 0.065625
0 0.021875 0.122656 0.043750 0.067187
0 0.660937 0.065625 0.015625 0.018750
0 0.675781 0.085938 0.017188 0.018750
0 0.706250 0.786719 0.018750 0.020313