0 0.010937 0.532813 0.021875 0.046875
0 0.187500 0.014063 0.059375 0.028125
0 0.122656 0.017188 0.057813 0.034375
0 0.018750 0.087500 0.037500 0.050000
0 0.081250 0.099219 0.056250 0.054688
0 0.046094 0.432812 0.060937 0.059375
0 0.142187 0.458594 0.025000 0.023438
0 0.164844 0.486719 0.023438 0.023438
0 0.132812 0.514062 0.046875 0.046875
0 0.183594 0.542188 0.045312 0.046875
0 0.103906 0.594531 0.045312 0.045312
0 0.048438 0.654687 0.046875 0.046875
0 0.114062 0.749219 0.059375 0.060937
0 0.189844 0.863281 0.045312 0.048438
0 0.275781 0.995313 0.017188 0.009375
0 0.263281 0.990625 0.010937 0.012500
0 0.253125 0.983594 0.012500 0.014063
0 0.242188 0.975781 0.015625 0.014063
0 0.300000 0.992188 0.015625 0.015625
0 0.309375 0.977344 0.018750 0.017188
0 0.294531 0.910937 0.023438 0.025000
0 0.388281 0.856250 0.029687 0.031250
0 0.156250 0.095312 0.025000 0.021875
0 0.185156 0.094531 0.023438 0.023438
0 0.211719 0.092188 0.023438 0.025000
0 0.214062 0.121094 0.021875 0.023438
0 0.255469 0.958594 0.014063 0.014063
0 0.264844 0.967187 0.014063 0.012500
0 0.375000 0.774219 0.028125 0.029687
0 0.232813 0.655469 0.059375 0.057813
0 0.297656 0.614062 0.057813 0.059375
0 0.354687 0.576562 0.043750 0.046875
0 0.374219 0.505469 0.057813 0.057813
0 0.259375 0.477344 0.046875 0.045312
0 0.392188 0.439063 0.043750 0.043750
0 0.319531 0.428125 0.076563 0.078125
0 0.396094 0.297656 0.026562 0.026562
0 0.429688 0.298438 0.028125 0.028125
0 0.395313 0.335938 0.028125 0.028125
0 0.429688 0.335938 0.028125 0.028125
0 0.392969 0.378125 0.023438 0.025000
0 0.423438 0.379688 0.025000 0.025000
0 0.367969 0.129688 0.023438 0.021875
0 0.409375 0.131250 0.025000 0.021875
0 0.367188 0.171875 0.025000 0.025000
0 0.407031 0.171875 0.026562 0.025000
0 0.312500 0.033594 0.043750 0.042188
0 0.360156 0.042188 0.020313 0.018750
0 0.354687 0.012500 0.018750 0.018750
0 0.621875 0.225781 0.015625 0.017188
0 0.635938 0.249219 0.015625 0.017188
0 0.649219 0.271094 0.017188 0.017188
0 0.918750 0.344531 0.078125 0.076563
0 0.864062 0.466406 0.078125 0.079687