0 0.510938 0.161719 0.046875 0.048438
0 0.512500 0.253125 0.046875 0.046875
0 0.329688 0.353125 0.046875 0.046875
0 0.368750 0.467969 0.046875 0.048438
0 0.506250 0.346875 0.059375 0.059375
0 0.493750 0.405469 0.059375 0.060937
0 0.571875 0.162500 0.046875 0.046875
0 0.570312 0.253125 0.046875 0.046875
0 0.588281 0.353125 0.048438 0.046875
0 0.560937 0.439844 0.050000 0.048438
0 0.482031 0.489063 0.048438 0.046875
0 0.531250 0.759375 0.037500 0.037500
0 0.493750 0.731250 0.031250 0.031250
0 0.522656 0.693750 0.039062 0.040625
0 0.577344 0.661719 0.032813 0.032813
0 0.543750 0.636719 0.028125 0.029687
0 0.624219 0.632031 0.035937 0.035937
0 0.578125 0.598437 0.046875 0.046875
0 0.656250 0.587500 0.034375 0.034375
0 0.612500 0.552344 0.046875 0.045312
0 0.733594 0.754687 0.048438 0.046875
0 0.786719 0.743750 0.045312 0.046875
0 0.846094 0.737500 0.045312 0.046875
0 0.770312 0.684375 0.050000 0.050000
0 0.853906 0.592969 0.045312 0.045312
0 0.898438 0.532813 0.046875 0.046875
0 0.717187 0.501563 0.034375 0.034375
0 0.672656 0.468750 0.045312 0.046875
0 0.750000 0.455469 0.034375 0.035937
0 0.703906 0.423438 0.045312 0.046875
0 0.782813 0.410156 0.046875 0.045312
0 0.737500 0.377344 0.046875 0.048438
0 0.633594 0.332031 0.045312 0.045312
0 0.769531 0.332031 0.045312 0.045312
0 0.814844 0.364063 0.045312 0.046875
0 0.856250 0.290625 0.059375 0.059375
0 0.664062 0.270313 0.059375 0.059375
0 0.664062 0.191406 0.059375 0.060937
0 0.792188 0.096875 0.037500 0.037500
0 0.746094 0.085156 0.035937 0.035937
0 0.703125 0.078906 0.028125 0.029687
0 0.786719 0.019531 0.029687 0.029687
0 0.663281 0.033594 0.045312 0.048438
0 0.910937 0.087500 0.053125 0.050000
0 0.976562 0.099219 0.046875 0.054688
0 0.946094 0.432812 0.060937 0.059375
0 0.990625 0.594531 0.018750 0.045312
0 0.948438 0.654687 0.046875 0.046875
0 0.744531 0.978125 0.076563 0.043750