0 0.375781 0.503125 0.017188 0.015625
0 0.351562 0.597656 0.021875 0.023438
0 0.346875 0.625781 0.018750 0.017188
0 0.792188 0.989062 0.037500 0.021875
0 0.746094 0.983594 0.035937 0.032813
0 0.703125 0.978906 0.028125 0.029687
0 0.786719 0.919531 0.029687 0.029687
0 0.663281 0.933594 0.045312 0.048438
0 0.663281 0.867969 0.045312 0.045312
0 0.664062 0.803125 0.046875 0.046875
0 0.860156 0.774219 0.020313 0.020313
0 0.752344 0.632031 0.057813 0.060937
0 0.964063 0.113281 0.050000 0.048438
0 0.969531 0.163281 0.045312 0.045312
0 0.919531 0.164062 0.048438 0.050000
0 0.921094 0.213281 0.042188 0.039062
0 0.874219 0.218750 0.045312 0.046875
0 0.786719 0.164844 0.076563 0.076563
0 0.884375 0.757812 0.031250 0.031250
0 0.910937 0.981250 0.053125 0.037500
0 0.976562 0.985938 0.046875 0.028125
0 0.838281 0.773438 0.017188 0.018750