0 0.028906 0.344531 0.057813 0.076563
0 0.153906 0.409375 0.026562 0.025000
0 0.203125 0.392969 0.025000 0.023438
0 0.253125 0.376563 0.025000 0.025000
0 0.548438 0.900781 0.059375 0.057813
0 0.585156 0.846875 0.060937 0.059375
0 0.623437 0.793750 0.059375 0.059375
0 0.660156 0.739062 0.057813 0.059375
0 0.606250 0.723437 0.021875 0.021875
0 0.592187 0.744531 0.021875 0.020313
0 0.569531 0.777344 0.017188 0.017188
0 0.559375 0.793750 0.018750 0.018750
0 0.246875 0.846875 0.018750 0.018750
0 0.496094 0.600781 0.020313 0.017188
0 0.452344 0.601562 0.014063 0.012500