0 0.028906 0.165625 0.057813 0.081250
0 0.275781 0.099219 0.017188 0.017188
0 0.263281 0.090625 0.010937 0.012500
0 0.253125 0.083594 0.012500 0.014063
0 0.242188 0.075781 0.015625 0.014063
0 0.300000 0.092188 0.015625 0.015625
0 0.309375 0.077344 0.018750 0.017188
0 0.357031 0.123438 0.035937 0.034375
0 0.403906 0.139844 0.045312 0.045312
0 0.294531 0.011719 0.023438 0.023438
0 0.255469 0.058594 0.014063 0.014063
0 0.264844 0.067187 0.014063 0.012500
0 0.553125 0.355469 0.031250 0.029687
0 0.578906 0.373437 0.026562 0.028125
0 0.533594 0.381250 0.026562 0.025000
0 0.559375 0.400781 0.028125 0.026562
0 0.617188 0.402344 0.025000 0.023438
0 0.643750 0.421875 0.028125 0.025000
0 0.625000 0.446875 0.025000 0.025000
0 0.597656 0.428125 0.023438 0.025000
0 0.964063 0.510156 0.021875 0.020313
0 0.863281 0.585938 0.017188 0.018750
0 0.977344 0.492969 0.023438 0.026562