0 0.194531 0.028906 0.045312 0.045312
0 0.146094 0.021875 0.045312 0.043750
0 0.161719 0.065625 0.045312 0.046875
0 0.111719 0.057031 0.048438 0.048438
0 0.122656 0.107813 0.048438 0.050000
0 0.064062 0.113281 0.050000 0.048438
0 0.069531 0.163281 0.045312 0.045312
0 0.021875 0.164062 0.043750 0.050000
0 0.195312 0.175000 0.078125 0.084375
0 0.021094 0.213281 0.042188 0.039062
0 0.113281 0.255469 0.067187 0.060937
0 0.179688 0.290625 0.065625 0.065625
0 0.177344 0.363281 0.064062 0.067187
0 0.427344 0.047656 0.017188 0.017188
0 0.439063 0.064844 0.015625 0.017188
0 0.375000 0.247656 0.059375 0.057813
0 0.367188 0.389844 0.065625 0.064062
0 0.357812 0.493750 0.043750 0.043750
0 0.291406 0.522656 0.051562 0.048438
0 0.190625 0.498437 0.031250 0.031250
0 0.153906 0.517969 0.035937 0.032813
0 0.167187 0.572656 0.046875 0.045312
0 0.173437 0.637500 0.053125 0.053125
0 0.171875 0.728125 0.065625 0.065625
0 0.178125 0.807813 0.065625 0.065625
0 0.187500 0.900000 0.059375 0.056250
0 0.122656 0.905469 0.057813 0.057813
0 0.018750 0.981250 0.037500 0.037500
0 0.081250 0.985938 0.056250 0.028125
0 0.156250 0.992188 0.025000 0.015625
0 0.185156 0.991406 0.023438 0.017188
0 0.211719 0.989844 0.023438 0.020313
0 0.312500 0.933594 0.043750 0.042188
0 0.360156 0.942187 0.020313 0.018750
0 0.354687 0.912500 0.018750 0.018750
0 0.348438 0.878125 0.018750 0.018750
0 0.381250 0.872656 0.021875 0.020313
0 0.375000 0.841406 0.018750 0.020313
0 0.343750 0.728125 0.078125 0.081250
0 0.364844 0.093750 0.051562 0.053125
0 0.348438 0.571875 0.043750 0.046875