0 0.194531 0.817187 0.039062 0.040625
0 0.232813 0.837500 0.021875 0.028125
0 0.258594 0.805469 0.017188 0.017188
0 0.289062 0.811719 0.021875 0.026562
0 0.321875 0.812500 0.025000 0.025000
0 0.257031 0.825000 0.017188 0.018750
0 0.318750 0.845313 0.025000 0.028125
0 0.286719 0.842969 0.023438 0.023438
0 0.263281 0.894531 0.042188 0.045312
0 0.305469 0.893750 0.035937 0.037500
0 0.682031 0.850000 0.029687 0.034375
0 0.714063 0.846094 0.025000 0.026562
0 0.742188 0.846875 0.021875 0.025000
0 0.914062 0.697656 0.015625 0.017188
0 0.941406 0.700000 0.017188 0.018750
0 0.957812 0.715625 0.018750 0.018750
0 0.975000 0.700781 0.025000 0.023438
0 0.964844 0.745313 0.035937 0.037500
0 0.916406 0.734375 0.042188 0.043750
0 0.926562 0.773438 0.015625 0.018750
0 0.946875 0.775781 0.015625 0.017188
0 0.965625 0.778125 0.018750 0.018750
0 0.948438 0.843750 0.028125 0.031250
0 0.922656 0.858594 0.029687 0.029687
0 0.946875 0.876563 0.028125 0.031250
0 0.920312 0.891406 0.028125 0.029687
0 0.948438 0.904687 0.018750 0.021875
0 0.913281 0.921875 0.020313 0.021875
0 0.939844 0.928125 0.023438 0.028125
0 0.918750 0.947656 0.018750 0.023438
0 0.938281 0.958594 0.026562 0.029687
0 0.985938 0.859375 0.028125 0.037500
0 0.983594 0.940625 0.032813 0.037500
0 0.256250 0.847656 0.018750 0.020313
0 0.777344 0.864062 0.020313 0.021875
0 0.795312 0.865625 0.015625 0.015625