0 0.007812 0.535156 0.015625 0.029687
0 0.600781 0.364063 0.023438 0.025000
0 0.600781 0.389062 0.023438 0.025000
0 0.946094 0.384375 0.014063 0.015625
0 0.946094 0.398438 0.014063 0.015625
0 0.947656 0.415625 0.014063 0.015625
0 0.642188 0.470313 0.012500 0.012500
0 0.589063 0.717969 0.012500 0.010937
0 0.603906 0.717187 0.007812 0.009375
0 0.617188 0.717969 0.009375 0.010937
0 0.632031 0.717187 0.007812 0.009375
0 0.669531 0.725000 0.007812 0.009375
0 0.678125 0.725000 0.009375 0.009375
0 0.687500 0.724219 0.009375 0.010937
0 0.594531 0.725000 0.010937 0.009375
0 0.625781 0.725000 0.010937 0.009375
0 0.982812 0.376563 0.025000 0.025000