0 0.300781 0.664062 0.023438 0.025000
0 0.300781 0.689063 0.023438 0.025000
0 0.646094 0.684375 0.014063 0.015625
0 0.646094 0.698438 0.014063 0.015625
0 0.647656 0.715625 0.014063 0.015625
0 0.866406 0.877344 0.039062 0.039062
0 0.910937 0.877344 0.040625 0.042188
0 0.860938 0.756250 0.075000 0.075000
0 0.861719 0.676562 0.073438 0.078125
0 0.939063 0.673438 0.075000 0.075000
0 0.939063 0.752344 0.075000 0.073438
0 0.342187 0.770312 0.012500 0.012500
0 0.714844 0.675000 0.026562 0.025000
0 0.682813 0.676562 0.025000 0.025000