0 0.300781 0.364063 0.023438 0.025000
0 0.300781 0.389062 0.023438 0.025000
0 0.646094 0.384375 0.014063 0.015625
0 0.646094 0.398438 0.014063 0.015625
0 0.647656 0.415625 0.014063 0.015625
0 0.866406 0.577344 0.039062 0.039062
0 0.910937 0.577344 0.040625 0.042188
0 0.860938 0.456250 0.075000 0.075000
0 0.861719 0.376563 0.073438 0.078125
0 0.939063 0.373437 0.075000 0.075000
0 0.939063 0.452344 0.075000 0.073438
0 0.342187 0.470313 0.012500 0.012500
0 0.289062 0.717969 0.012500 0.010937
0 0.303906 0.717187 0.007812 0.009375
0 0.317188 0.717969 0.009375 0.010937
0 0.332031 0.717187 0.007812 0.009375
0 0.369531 0.725000 0.007812 0.009375
0 0.378125 0.725000 0.009375 0.009375
0 0.387500 0.724219 0.009375 0.010937
0 0.294531 0.725000 0.010937 0.009375
0 0.325781 0.725000 0.010937 0.009375
0 0.714844 0.375000 0.026562 0.025000
0 0.682813 0.376563 0.025000 0.025000