0 0.738281 0.157031 0.035937 0.035937
0 0.736719 0.194531 0.035937 0.035937
0 0.733594 0.230469 0.035937 0.035937
0 0.730469 0.265625 0.032813 0.034375
0 0.948438 0.007812 0.018750 0.015625
0 0.913281 0.021875 0.020313 0.021875
0 0.939844 0.028125 0.023438 0.028125
0 0.918750 0.047656 0.018750 0.023438
0 0.938281 0.058594 0.026562 0.029687
0 0.983594 0.040625 0.032813 0.037500
0 0.973437 0.317188 0.034375 0.031250
0 0.932813 0.286719 0.015625 0.017188
0 0.932031 0.265625 0.010937 0.012500
0 0.935156 0.252344 0.010937 0.010937
0 0.941406 0.235937 0.023438 0.021875
0 0.940625 0.215625 0.021875 0.018750
0 0.942969 0.195312 0.017188 0.015625
0 0.942969 0.178125 0.017188 0.018750
0 0.972656 0.147656 0.014063 0.014063
0 0.971094 0.162500 0.014063 0.012500
0 0.967969 0.200000 0.014063 0.015625
0 0.967969 0.175781 0.010937 0.010937
0 0.964063 0.218750 0.015625 0.012500
0 0.890625 0.208594 0.034375 0.039062
0 0.886719 0.256250 0.032813 0.037500
0 0.875000 0.330469 0.034375 0.032813
0 0.986719 0.165625 0.014063 0.015625