0 0.048438 0.007812 0.018750 0.015625
0 0.013281 0.021875 0.020313 0.021875
0 0.039844 0.028125 0.023438 0.028125
0 0.018750 0.047656 0.018750 0.023438
0 0.038281 0.058594 0.026562 0.029687
0 0.084375 0.040625 0.034375 0.037500
0 0.138281 0.014063 0.032813 0.028125
0 0.186719 0.016406 0.032813 0.032813
0 0.238281 0.018750 0.032813 0.034375
0 0.235937 0.059375 0.034375 0.034375
0 0.329688 0.022656 0.025000 0.026562
0 0.290625 0.021094 0.025000 0.026562
0 0.385156 0.026562 0.042188 0.040625
0 0.382812 0.075000 0.040625 0.040625
0 0.399219 0.150781 0.035937 0.035937
0 0.398438 0.185938 0.031250 0.031250
0 0.367188 0.172656 0.031250 0.029687
0 0.376563 0.210938 0.046875 0.043750
0 0.415625 0.235156 0.043750 0.042188
0 0.372656 0.260937 0.054688 0.056250
0 0.424219 0.282031 0.017188 0.014063
0 0.350000 0.338281 0.009375 0.010937
0 0.361719 0.338281 0.010937 0.010937
0 0.350781 0.348438 0.010937 0.009375
0 0.349219 0.360156 0.010937 0.010937
0 0.349219 0.372656 0.010937 0.010937
0 0.346875 0.385156 0.009375 0.010937
0 0.359375 0.385937 0.009375 0.009375
0 0.360938 0.374219 0.009375 0.010937
0 0.360938 0.361719 0.009375 0.010937
0 0.370312 0.353906 0.012500 0.014063
0 0.378125 0.410156 0.018750 0.020313
0 0.352344 0.413281 0.029687 0.029687
0 0.356250 0.453906 0.034375 0.032813
0 0.367188 0.489844 0.040625 0.039062
0 0.396094 0.503906 0.020313 0.020313
0 0.434375 0.503906 0.037500 0.039062
0 0.305469 0.417969 0.010937 0.010937
0 0.304688 0.432031 0.015625 0.014063
0 0.304688 0.445312 0.015625 0.012500
0 0.304688 0.459375 0.015625 0.012500
0 0.304688 0.475000 0.018750 0.015625
0 0.303125 0.489063 0.018750 0.018750
0 0.279687 0.414844 0.015625 0.017188
0 0.251563 0.403906 0.015625 0.017188
0 0.260156 0.432031 0.035937 0.039062
0 0.258594 0.476562 0.042188 0.043750
0 0.215625 0.477344 0.031250 0.032813
0 0.217969 0.442969 0.035937 0.032813
0 0.221875 0.406250 0.034375 0.031250
0 0.178906 0.407031 0.032813 0.032813
0 0.178125 0.441406 0.031250 0.032813
0 0.177344 0.475000 0.032813 0.031250
0 0.073438 0.317188 0.034375 0.031250
0 0.032813 0.286719 0.015625 0.017188
0 0.032031 0.265625 0.010937 0.012500
0 0.035156 0.252344 0.010937 0.010937
0 0.041406 0.235937 0.023438 0.021875
0 0.040625 0.215625 0.021875 0.018750
0 0.042969 0.195312 0.017188 0.015625
0 0.042969 0.178125 0.017188 0.018750
0 0.072656 0.147656 0.014063 0.014063
0 0.071094 0.162500 0.014063 0.012500
0 0.067969 0.200000 0.014063 0.015625
0 0.067969 0.175781 0.010937 0.010937
0 0.064062 0.218750 0.015625 0.012500
0 0.570312 0.009375 0.028125 0.018750
0 0.234375 0.386719 0.009375 0.007812
0 0.250000 0.388281 0.009375 0.010937
0 0.269531 0.388281 0.010937 0.010937
0 0.277344 0.387500 0.010937 0.009375
0 0.086719 0.165625 0.014063 0.015625
0 0.264844 0.405469 0.014063 0.014063