0 0.014063 0.697656 0.015625 0.017188
0 0.041406 0.700000 0.017188 0.018750
0 0.057813 0.715625 0.018750 0.018750
0 0.075000 0.700781 0.025000 0.023438
0 0.064844 0.745313 0.035937 0.037500
0 0.018750 0.734375 0.037500 0.043750
0 0.026562 0.773438 0.015625 0.018750
0 0.046875 0.775781 0.015625 0.017188
0 0.065625 0.778125 0.018750 0.018750
0 0.110156 0.685937 0.026562 0.028125
0 0.143750 0.690625 0.025000 0.028125
0 0.177344 0.688281 0.029687 0.029687
0 0.163281 0.728125 0.039062 0.040625
0 0.113281 0.728906 0.039062 0.039062
0 0.130469 0.771094 0.032813 0.032813
0 0.169531 0.772656 0.032813 0.035937
0 0.221094 0.688281 0.026562 0.026562
0 0.264844 0.705469 0.020313 0.023438
0 0.246094 0.712500 0.017188 0.018750
0 0.264062 0.728125 0.021875 0.021875
0 0.217188 0.719531 0.021875 0.023438
0 0.237500 0.768750 0.071875 0.071875
0 0.048438 0.843750 0.028125 0.031250
0 0.022656 0.858594 0.029687 0.029687
0 0.046875 0.876563 0.028125 0.031250
0 0.020313 0.891406 0.028125 0.029687
0 0.048438 0.904687 0.018750 0.021875
0 0.013281 0.921875 0.020313 0.021875
0 0.039844 0.928125 0.023438 0.028125
0 0.018750 0.947656 0.018750 0.023438
0 0.038281 0.958594 0.026562 0.029687
0 0.090625 0.859375 0.037500 0.037500
0 0.084375 0.940625 0.034375 0.037500
0 0.141406 0.870313 0.032813 0.034375
0 0.138281 0.911719 0.032813 0.032813
0 0.190625 0.875781 0.031250 0.029687
0 0.186719 0.916406 0.032813 0.032813
0 0.240625 0.878125 0.031250 0.031250
0 0.238281 0.918750 0.032813 0.034375
0 0.235937 0.959375 0.034375 0.034375
0 0.294531 0.882812 0.032813 0.034375
0 0.331250 0.885938 0.025000 0.025000
0 0.329688 0.922656 0.025000 0.026562
0 0.290625 0.921094 0.025000 0.026562
0 0.389844 0.878906 0.045312 0.042188
0 0.385156 0.926562 0.042188 0.040625
0 0.382812 0.975000 0.040625 0.040625
0 0.570312 0.903906 0.028125 0.029687
0 0.601562 0.791406 0.012500 0.014063
0 0.616406 0.787500 0.014063 0.015625