0 0.370312 0.472656 0.034375 0.029687
0 0.364844 0.509375 0.035937 0.034375
0 0.206250 0.722656 0.031250 0.029687
0 0.191406 0.765625 0.029687 0.031250
0 0.397656 0.698438 0.035937 0.037500
0 0.435937 0.708594 0.034375 0.039062
0 0.382031 0.756250 0.035937 0.037500
0 0.421094 0.765625 0.035937 0.037500
0 0.395313 0.814844 0.050000 0.048438
0 0.384375 0.864844 0.046875 0.048438
0 0.451562 0.828125 0.046875 0.046875
0 0.438281 0.878125 0.048438 0.046875
0 0.506250 0.841406 0.053125 0.051562
0 0.805469 0.867188 0.029687 0.031250
0 0.812500 0.821875 0.028125 0.028125
0 0.841406 0.829688 0.029687 0.031250
0 0.869531 0.829688 0.029687 0.031250
0 0.900000 0.835156 0.031250 0.029687
0 0.825781 0.721094 0.010937 0.010937
0 0.828125 0.705469 0.012500 0.014063