0 0.370312 0.172656 0.034375 0.029687
0 0.364844 0.209375 0.035937 0.034375
0 0.206250 0.422656 0.031250 0.029687
0 0.191406 0.465625 0.029687 0.031250
0 0.397656 0.398438 0.035937 0.037500
0 0.435937 0.408594 0.034375 0.039062
0 0.382031 0.456250 0.035937 0.037500
0 0.421094 0.465625 0.035937 0.037500
0 0.395313 0.514844 0.050000 0.048438
0 0.384375 0.564844 0.046875 0.048438
0 0.451562 0.528125 0.046875 0.046875
0 0.438281 0.578125 0.048438 0.046875
0 0.506250 0.541406 0.053125 0.051562
0 0.805469 0.567187 0.029687 0.031250
0 0.812500 0.521875 0.028125 0.028125
0 0.841406 0.529687 0.029687 0.031250
0 0.869531 0.529687 0.029687 0.031250
0 0.900000 0.535156 0.031250 0.029687
0 0.825781 0.421094 0.010937 0.010937
0 0.828125 0.405469 0.012500 0.014063