0 0.185156 0.250000 0.014063 0.015625
0 0.123438 0.359375 0.034375 0.037500
0 0.130469 0.407031 0.032813 0.039062
0 0.214062 0.317969 0.031250 0.035937
0 0.219531 0.353125 0.023438 0.028125
0 0.225000 0.389844 0.031250 0.035937
0 0.300000 0.307031 0.025000 0.029687
0 0.305469 0.342187 0.026562 0.031250
0 0.312500 0.378906 0.025000 0.029687
0 0.388281 0.306250 0.042188 0.040625
0 0.432812 0.304688 0.034375 0.040625
0 0.392188 0.351562 0.034375 0.034375
0 0.437500 0.348438 0.034375 0.037500
0 0.101562 0.525781 0.025000 0.029687
0 0.087500 0.627344 0.053125 0.057813
0 0.095312 0.715625 0.053125 0.056250
0 0.207813 0.552344 0.062500 0.067187
0 0.215625 0.661719 0.059375 0.067187
0 0.344531 0.532031 0.064062 0.073438
0 0.350000 0.639062 0.062500 0.068750
0 0.221094 0.820312 0.035937 0.037500
0 0.267188 0.812500 0.031250 0.040625
0 0.385937 0.781250 0.018750 0.021875
0 0.390625 0.809375 0.021875 0.025000
0 0.714063 0.371875 0.050000 0.050000
0 0.671875 0.414062 0.025000 0.021875
0 0.803906 0.403906 0.035937 0.039062
0 0.728906 0.444531 0.057813 0.048438
0 0.810156 0.449219 0.039062 0.039062
0 0.728125 0.504687 0.037500 0.034375
0 0.737500 0.550781 0.034375 0.035937
0 0.812500 0.524219 0.034375 0.032813
0 0.822656 0.571875 0.035937 0.034375
0 0.703906 0.570312 0.017188 0.018750
0 0.865625 0.575781 0.015625 0.017188
0 0.725781 0.702344 0.017188 0.020313
0 0.732031 0.735156 0.026562 0.029687
0 0.736719 0.765625 0.023438 0.031250
0 0.656250 0.041406 0.031250 0.035937
0 0.687500 0.065625 0.034375 0.037500