0 0.104688 0.385937 0.028125 0.031250
0 0.132812 0.379688 0.028125 0.031250
0 0.055469 0.467187 0.042188 0.043750
0 0.094531 0.458594 0.042188 0.045312
0 0.135156 0.447656 0.042188 0.045312
0 0.064844 0.510938 0.042188 0.043750
0 0.105469 0.502344 0.042188 0.042188
0 0.143750 0.495312 0.040625 0.043750
0 0.068750 0.542969 0.018750 0.020313
0 0.074219 0.564063 0.020313 0.021875
0 0.087500 0.537500 0.018750 0.021875
0 0.092188 0.560156 0.018750 0.023438
0 0.105469 0.533594 0.020313 0.020313
0 0.111719 0.556250 0.017188 0.021875
0 0.125000 0.530469 0.018750 0.020313
0 0.130469 0.551562 0.020313 0.021875
0 0.142969 0.527344 0.017188 0.020313
0 0.147656 0.548438 0.017188 0.021875
0 0.162500 0.522656 0.018750 0.020313
0 0.166406 0.543750 0.017188 0.021875
0 0.311719 0.457031 0.020313 0.020313
0 0.332031 0.451562 0.020313 0.018750
0 0.314844 0.476562 0.017188 0.021875
0 0.335156 0.470313 0.020313 0.018750
0 0.319531 0.493750 0.020313 0.018750
0 0.337500 0.489063 0.018750 0.018750
0 0.323437 0.513281 0.018750 0.020313
0 0.344531 0.507812 0.020313 0.021875