0 0.310937 0.620313 0.025000 0.031250
0 0.341406 0.616406 0.023438 0.029687
0 0.363281 0.701562 0.045312 0.046875
0 0.371875 0.764062 0.046875 0.050000
0 0.431250 0.755469 0.040625 0.045312
0 0.507812 0.654687 0.053125 0.050000
0 0.519531 0.728906 0.048438 0.051562
0 0.573438 0.564063 0.050000 0.053125
0 0.585938 0.642969 0.050000 0.048438
0 0.598437 0.717969 0.050000 0.051562
0 0.634375 0.542969 0.043750 0.045312
0 0.694531 0.531250 0.045312 0.046875
0 0.644531 0.599219 0.045312 0.045312
0 0.702344 0.584375 0.042188 0.043750
0 0.654687 0.655469 0.040625 0.042188
0 0.711719 0.642188 0.039062 0.043750
0 0.664062 0.710156 0.043750 0.045312
0 0.723437 0.699219 0.043750 0.048438
0 0.730469 0.789062 0.048438 0.046875
0 0.818750 0.776563 0.040625 0.043750
0 0.822656 0.833594 0.032813 0.035937
0 0.828906 0.876563 0.029687 0.034375
0 0.849219 0.944531 0.035937 0.039062
0 0.892188 0.937500 0.031250 0.037500
0 0.933594 0.931250 0.035937 0.037500
0 0.497656 0.388281 0.020313 0.020313
0 0.502344 0.410938 0.020313 0.021875
0 0.514062 0.430469 0.018750 0.023438