0 0.557031 0.634375 0.045312 0.046875
0 0.623437 0.590625 0.046875 0.046875
0 0.685937 0.556250 0.034375 0.034375
0 0.729688 0.528125 0.037500 0.034375
0 0.775000 0.497656 0.040625 0.032813
0 0.816406 0.468750 0.035937 0.034375
0 0.860156 0.440625 0.042188 0.040625
0 0.634375 0.693750 0.075000 0.078125
0 0.753906 0.612500 0.067187 0.059375
0 0.843750 0.551562 0.065625 0.068750
0 0.709375 0.426563 0.046875 0.043750
0 0.756250 0.393750 0.040625 0.040625
0 0.799219 0.362500 0.042188 0.046875
0 0.925000 0.285156 0.050000 0.048438
0 0.957031 0.332813 0.045312 0.046875
0 0.867188 0.251563 0.025000 0.025000
0 0.896875 0.232031 0.025000 0.026562
0 0.921875 0.215625 0.021875 0.021875
0 0.942969 0.198437 0.023438 0.021875
0 0.727344 0.348438 0.029687 0.034375
0 0.754687 0.330469 0.028125 0.032813
0 0.780469 0.310937 0.029687 0.034375
0 0.905469 0.975000 0.035937 0.040625