0 0.025000 0.285156 0.050000 0.048438
0 0.057031 0.332813 0.045312 0.046875
0 0.124219 0.291406 0.051562 0.057813
0 0.172656 0.257031 0.051562 0.057813
0 0.021875 0.215625 0.021875 0.021875
0 0.042969 0.198437 0.023438 0.021875
0 0.114844 0.427344 0.042188 0.039062
0 0.147656 0.403906 0.042188 0.039062
0 0.179688 0.382031 0.037500 0.039062
0 0.210938 0.357812 0.031250 0.040625
0 0.203125 0.415625 0.021875 0.021875
0 0.323437 0.519531 0.037500 0.032813
0 0.330469 0.487500 0.017188 0.015625
0 0.344531 0.436719 0.017188 0.020313
0 0.332031 0.732812 0.057813 0.062500
0 0.420312 0.642188 0.043750 0.040625
0 0.471875 0.607812 0.043750 0.046875
0 0.522656 0.568750 0.039062 0.037500
0 0.466406 0.689844 0.020313 0.020313
0 0.481250 0.676562 0.015625 0.021875
0 0.501563 0.661719 0.015625 0.020313
0 0.521094 0.649219 0.017188 0.020313
0 0.559375 0.624219 0.021875 0.026562
0 0.620313 0.523438 0.062500 0.065625
0 0.699219 0.470313 0.054688 0.056250
0 0.125781 0.828125 0.020313 0.025000
0 0.125000 0.845313 0.012500 0.015625
0 0.011719 0.975000 0.023438 0.040625